x  f 
mm   
0.0000 37730.969553 
0.0144 0.450389 
0.0366 0.247443 
0.0510 0.214381 
0.0654 0.188911 
0.0876 0.163270 
0.1020 0.156630 
0.1164 0.157985 
0.1309 0.165089 
0.1530 0.166440 
0.1674 0.179516 
0.1818 0.186712 
0.2040 0.181759 
0.2184 0.184183 
0.2328 0.184991 
0.2549 0.181734 
0.2694 0.187689 
0.2838 0.189967 
0.2982 0.189859 
0.3204 0.185700 
0.3348 0.187249 
0.3492 0.191219 
0.3713 0.192953 
0.3858 0.197863 
0.4002 0.198725 
0.4146 0.199016 
0.4367 0.193638 
0.4511 0.193947 
0.4656 0.194536 
0.4877 0.191001 
0.5021 0.190756 
0.5165 0.188797 
0.5310 0.188043 
0.5531 0.184315 
0.5675 0.184249 
0.5819 0.185440 
0.6040 0.184086 
0.6184 0.186496 
0.6329 0.189818 
0.6473 0.193212 
0.6694 0.193732 
0.6838 0.195699 
0.6982 0.198259 
0.7126 0.200736 
0.7348 0.201484 
0.7492 0.205868 
0.7636 0.209144 
0.7857 0.210018 
0.8001 0.212584 
0.8145 0.213972 
0.8289 0.214395 
0.8510 0.213214 
0.8655 0.214504 
0.8799 0.216556 
0.8943 0.218964 
0.9164 0.220168 
0.9308 0.222873 
0.9452 0.225133 
0.9673 0.226168 
0.9817 0.228904 
0.9961 0.232239 
1.0106 0.234841 
1.0327 0.235075 
1.0471 0.235744 
1.0615 0.235765 
1.0759 0.236830 
1.0980 0.236116 
1.1124 0.238477 
1.1268 0.239997 
1.1412 0.241473 
1.1633 0.241725 
1.1777 0.242907 
1.1921 0.245489 
1.2065 0.247956 
1.2286 0.248804 
1.2430 0.251065 
1.2574 0.252543 
1.2718 0.253748 
1.2939 0.253258 
1.3083 0.254219 
1.3227 0.254828 
1.3371 0.255781 
1.3592 0.255491 
1.3736 0.257226 
1.3880 0.258118 
1.4024 0.259611 
1.4245 0.258816 
1.4389 0.258979 
1.4533 0.258911 
1.4677 0.257035 
1.4898 0.254014 
1.5042 0.252157 
1.5186 0.250907 
1.5330 0.250381 
1.5474 0.249463 
1.5695 0.247391 
1.5839 0.246060 
1.5983 0.245078 
1.6127 0.244308 
1.6348 0.242202 
1.6492 0.241827 
1.6636 0.241549 
1.6780 0.241982 
1.7000 0.241564 
1.7144 0.242144 
1.7288 0.243074 
1.7432 0.242590 
1.7576 0.241382 
1.7797 0.239065 
1.7941 0.237145 
1.8085 0.236392 
1.8229 0.236251 
1.8449 0.234639 
1.8593 0.234411 
1.8737 0.233076 
1.8881 0.231940 
1.9025 0.230987 
1.9246 0.229164 
1.9390 0.228918 
1.9534 0.228495 
1.9678 0.228023 
1.9898 0.226438 
2.0042 0.224981 
2.0186 0.223307 
2.0330 0.220924 
2.0474 0.219356 
2.0694 0.216548 
2.0838 0.214852 
2.0982 0.213494 
2.1126 0.211798 
2.1347 0.210630 
2.1491 0.210267 
2.1634 0.210241 
2.1778 0.210045 
2.1922 0.209380 
2.2066 0.208877 
2.2287 0.207462 
2.2430 0.206994 
2.2574 0.206117 
2.2718 0.205245 
2.2939 0.204066 
2.3082 0.203500 
2.3226 0.202855 
2.3370 0.201506 
2.3514 0.199200 
2.3734 0.196015 
2.3878 0.193202 
2.4022 0.191682 
2.4166 0.191077 
2.4310 0.190675 
2.4530 0.190478 
2.4674 0.189431 
2.4818 0.187842 
2.4962 0.186933 
2.5105 0.185501 
2.5326 0.184233 
2.5470 0.183314 
2.5613 0.182058 
2.5757 0.180660 
2.5901 0.179001 
2.6121 0.176664 
2.6265 0.174893 
2.6409 0.173501 
2.6553 0.172679 
2.6696 0.172570 
2.6840 0.172747 
2.7061 0.171991 
2.7204 0.171602 
2.7348 0.170778 
2.7492 0.170059 
2.7636 0.169927 
2.7856 0.169115 
2.8000 0.169126 
2.8143 0.168139 
2.8287 0.166639 
2.8431 0.165040 
2.8575 0.163131 
2.8795 0.161383 
2.8939 0.160068 
2.9082 0.158869 
2.9226 0.157868 
2.9370 0.156680 
2.9590 0.155121 
2.9734 0.153893 
2.9877 0.152818 
3.0021 0.151733 
3.0165 0.150866 
3.0385 0.149797 
3.0529 0.148677 
3.0672 0.147816 
3.0816 0.146703 
3.0960 0.145332 
3.1103 0.144489 
3.1247 0.143274 
3.1467 0.141584 
3.1611 0.140304 
3.1755 0.139110 
3.1898 0.138049 
3.2042 0.137149 
3.2262 0.136218 
3.2406 0.135568 
3.2549 0.135245 
3.2693 0.134482 
3.2837 0.133414 
3.2980 0.132172 
3.3200 0.130436 
3.3344 0.129056 
3.3488 0.127941 
3.3631 0.126428 
3.3775 0.124952 
3.3918 0.123333 
3.4062 0.121429 
3.4282 0.119677 
3.4426 0.118142 
3.4569 0.117611 
3.4713 0.117343 
3.4857 0.117144 
3.5000 0.116637 
3.5220 0.115441 
3.5364 0.114320 
3.5507 0.113188 
3.5651 0.112002 
3.5794 0.110848 
3.5938 0.109804 
3.6082 0.108868 
3.6302 0.108147 
3.6445 0.108114 
3.6589 0.107673 
3.6732 0.107113 
3.6876 0.106553 
3.7019 0.105505 
3.7239 0.104479 
3.7383 0.103552 
3.7526 0.102467 
3.7670 0.101717 
3.7813 0.100822 
3.7957 0.100034 
3.8100 0.099339 
3.8321 0.098454 
3.8464 0.098117 
3.8607 0.097662 
3.8751 0.096907 
3.8894 0.096014 
3.9038 0.095260 
3.9181 0.094502 
3.9325 0.093941 
3.9545 0.092896 
3.9688 0.092018 
3.9832 0.091290 
3.9975 0.091108 
4.0119 0.091144 
4.0262 0.091045 
4.0482 0.090484 
4.0626 0.089675 
4.0769 0.088571 
4.0913 0.087295 
4.1056 0.086213 
4.1199 0.085104 
4.1343 0.084635 
4.1486 0.084350 
4.1563 0.084457 
4.1706 0.084728 
4.1850 0.084716 
4.1993 0.084698 
4.2136 0.084380 
4.2280 0.083680 
4.2423 0.082631 
4.2567 0.081631 
4.2710 0.081046 
4.2930 0.080373 
4.3073 0.080029 
4.3217 0.079575 
4.3360 0.078740 
4.3504 0.077966 
4.3647 0.077368 
4.3790 0.076626 
4.3934 0.076209 
4.4153 0.075665 
4.4297 0.075083 
4.4440 0.074799 
4.4584 0.074167 
4.4727 0.073473 
4.4870 0.073075 
4.5014 0.072378 
4.5157 0.071813 
4.5300 0.071358 
4.5520 0.070824 
4.5663 0.070848 
4.5807 0.070746 
4.5950 0.070443 
4.6093 0.069603 
4.6237 0.068644 
4.6380 0.067931 
4.6523 0.067716 
4.6743 0.067657 
4.6887 0.067747 
4.7030 0.067687 
4.7173 0.067297 
4.7316 0.066901 
4.7460 0.066298 
4.7603 0.065526 
4.7746 0.064621 
4.7890 0.063555 
4.8033 0.062672 
4.8253 0.061632 
4.8396 0.060785 
4.8539 0.060025 
4.8682 0.059293 
4.8826 0.058633 
4.8969 0.057902 
4.9112 0.057404 
4.9255 0.057016 
4.9399 0.056864 
4.9618 0.056941 
4.9762 0.057063 
4.9905 0.056843 
5.0048 0.056506 
5.0191 0.056013 
5.0335 0.055465 
5.0478 0.055115 
5.0621 0.054641 
5.0764 0.054169 
5.0908 0.053639 
5.1051 0.053047 
5.1270 0.052693 
5.1414 0.052340 
5.1557 0.051986 
5.1700 0.051347 
5.1843 0.050463 
5.1986 0.049754 
5.2130 0.049095 
5.2273 0.048821 
5.2416 0.048550 
5.2559 0.048266 
5.2702 0.047869 
5.2846 0.047345 
5.3065 0.046673 
5.3208 0.046084 
5.3351 0.045597 
5.3495 0.045057 
5.3638 0.044640 
5.3781 0.044263 
5.3924 0.044044 
5.4067 0.043955 
5.4210 0.043646 
5.4354 0.043184 
5.4497 0.042690 
5.4640 0.042348 
5.4859 0.042222 
5.5002 0.042270 
5.5146 0.042094 
5.5289 0.041764 
5.5432 0.041326 
5.5575 0.040894 
5.5718 0.040480 
5.5861 0.040013 
5.6004 0.039738 
5.6147 0.039697 
5.6290 0.039701 
5.6434 0.039752 
5.6577 0.039605 
5.6796 0.039003 
5.6939 0.038483 
5.7082 0.038014 
5.7225 0.037464 
5.7368 0.037082 
5.7512 0.036739 
5.7655 0.036468 
5.7798 0.036410 
5.7941 0.036282 
5.8084 0.036116 
5.8227 0.035734 
5.8370 0.035307 
5.8513 0.035012 
5.8589 0.034685 
5.8732 0.034454 
5.8942 0.034120 
5.9161 0.033789 
5.9305 0.033657 
5.9448 0.033536 
5.9591 0.033468 
5.9734 0.033207 
5.9877 0.032940 
6.0020 0.032592 
6.0163 0.032117 
6.0306 0.031794 
6.0449 0.031677 
6.0592 0.031545 
6.0735 0.031382 
6.0878 0.031173 
6.1021 0.030803 
6.1164 0.030668 
6.1383 0.030551 
6.1526 0.030310 
6.1669 0.029899 
6.1812 0.029419 
6.1955 0.029079 
6.2098 0.028765 
6.2241 0.028488 
6.2384 0.028166 
6.2527 0.027708 
6.2670 0.027382 
6.2813 0.027248 
6.2956 0.027115 
6.3099 0.026984 
6.3242 0.026988 
6.3385 0.026813 
6.3528 0.026743 
6.3671 0.026794 
6.3813 0.026621 
6.3956 0.026527 
6.4033 0.026342 
6.4242 0.026152 
6.4319 0.026025 
6.4528 0.025755 
6.4747 0.025444 
6.4890 0.025187 
6.5033 0.025014 
6.5176 0.024774 
6.5319 0.024413 
6.5462 0.023882 
6.5605 0.023451 
6.5748 0.023261 
6.5891 0.023132 
6.6033 0.023025 
6.6176 0.022901 
6.6319 0.022721 
6.6462 0.022520 
6.6605 0.022430 
6.6748 0.022345 
6.6891 0.022049 
6.7034 0.021718 
6.7253 0.021437 
6.7462 0.021102 
6.7605 0.020914 
6.7748 0.020758 
6.7824 0.020554 
6.8034 0.020278 
6.8110 0.020100 
6.8253 0.019850 
6.8396 0.019543 
6.8538 0.019262 
6.8681 0.018954 
6.8824 0.018697 
6.8967 0.018371 
6.9110 0.018160 
6.9253 0.017968 
6.9395 0.017752 
6.9538 0.017495 
6.9681 0.017011 
6.9824 0.016651 
6.9967 0.016317 
7.0109 0.015940 
7.0252 0.015723 
7.0395 0.015511 
7.0538 0.015297 
7.0681 0.015240 
7.0823 0.015000 
7.0966 0.014586 
7.1109 0.014253 
7.1252 0.014034 
7.1394 0.013976 
7.1537 0.013887 
7.1680 0.013748 
7.1823 0.013570 
7.1966 0.013296 
7.2108 0.012941 
7.2251 0.012580 
7.2394 0.012190 
7.2537 0.011818 
7.2679 0.011553 
7.2822 0.011374 
7.2965 0.011233 
7.3108 0.011076 
7.3250 0.010855 
7.3393 0.010661 
7.3536 0.010456 
7.3679 0.010179 
7.3821 0.009971 
7.3964 0.009635 
7.4183 0.009365 
7.4392 0.009183 
7.4535 0.009086 
7.4611 0.009050 
7.4754 0.008923 
7.4896 0.008853 
7.5106 0.008756 
7.5248 0.008490 
7.5467 0.008181 
7.5629 0.007878 
7.5819 0.007555 
7.6038 0.007328 
7.6200 0.007080 
7.6390 0.006845 
7.6532 0.006576 
7.6751 0.006318 
7.6913 0.006091 
7.7103 0.005789 
7.7246 0.005606 
7.7322 0.005520 
7.7483 0.005428 
7.7626 0.005322 
7.7816 0.005134 
7.8035 0.004893 
7.8244 0.004652 
7.8339 0.004407 
7.8482 0.004190 
7.8624 0.004076 
7.8767 0.004002 
7.8910 0.003859 
7.9052 0.003677 
7.9195 0.003431 
7.9338 0.003150 
7.9480 0.002964 
7.9623 0.002779 
7.9765 0.002555 
7.9974 0.002388 
8.0117 0.002238 
8.0336 0.002087 
8.0478 0.002037 
8.0687 0.002106 
8.0763 0.002077 
8.0906 0.002043 
8.1049 0.001892 
8.1258 0.001581 
8.1400 0.001391 
8.1619 0.001168 
8.1828 0.000979 
8.1970 0.000975 
8.2113 0.000945 
8.2255 0.000908 
8.2398 0.000985 
8.2541 0.000903 
8.2683 0.000869 
8.2826 0.000907 
8.2968 0.000884 
8.3111 0.000911 
8.3253 0.000893 
8.3396 0.000889 
8.3538 0.000883 
8.3681 0.000855 
8.3823 0.000878 
8.3966 0.000936 
