probe position (mm) loss time (us) time window(us)
4.66 669.8 4.0 
4.68 993.1 4.0 
4.7 1323.2 4.0 
4.72 1672.0 4.0 
4.74 2050.2 4.0 
4.76 2440.7 4.0 
4.78 2862.4 4.0 
4.8 3289.8 4.0 
4.82 3705.0 4.0 
4.84 4159.0 4.0 
4.86 4624.4 4.0 
4.88 5069.2 4.0 
4.9 5542.2 4.0 
4.92 5996.7 4.0 
4.94 6477.6 4.0 
4.96 6994.2 4.0 
4.98 7444.8 4.0 
5.0 8092.2 4.0 
5.02 8702.4 4.0 
5.04 9390.6 4.0 
5.06 10082.8 4.0 
5.08 10820.9 4.0 
5.1 11511.8 4.0 
5.12 12196.8 4.0 
5.14 12920.9 4.0 
5.16 13642.5 4.0 
5.18 14539.7 4.0 
5.2 15144.2 4.0 
