probe position (mm) loss time (us) time window(us)
4.66 763.2 4.0 
4.68 1095.3 4.0 
4.7 1423.9 4.0 
4.72 1776.0 4.0 
4.74 2174.8 4.0 
4.76 2584.2 4.0 
4.78 3016.8 4.0 
4.8 3412.4 4.0 
4.82 3894.1 4.0 
4.84 4367.0 4.0 
4.86 4829.4 4.0 
4.88 5287.4 4.0 
4.9 5744.2 4.0 
4.92 6229.4 4.0 
4.94 6746.5 4.0 
4.96 7248.5 4.0 
4.98 7797.8 4.0 
5.0 8384.9 4.0 
5.02 9056.5 4.0 
5.04 9759.5 4.0 
5.06 10513.2 4.0 
5.08 11225.3 4.0 
5.1 11917.9 4.0 
5.12 12636.6 4.0 
5.14 13324.9 4.0 
5.16 14185.0 4.0 
5.18 15171.4 4.0 
5.2 15621.0 4.0 
