x  f 
mm   
0.0000 4981.000931 
0.0288 0.024215 
0.0597 0.014210 
0.0885 0.013590 
0.1194 0.016561 
0.1482 0.018623 
0.1791 0.021964 
0.2079 0.025299 
0.2368 0.025709 
0.2676 0.025159 
0.2965 0.024457 
0.3273 0.024574 
0.3561 0.025987 
0.3870 0.026834 
0.4158 0.028779 
0.4467 0.028852 
0.4755 0.028507 
0.5043 0.028845 
0.5352 0.028479 
0.5640 0.029221 
0.5948 0.030706 
0.6236 0.033242 
0.6545 0.036001 
0.6833 0.039069 
0.7121 0.041606 
0.7429 0.043733 
0.7717 0.046109 
0.8026 0.048208 
0.8314 0.050533 
0.8622 0.052039 
0.8910 0.053989 
0.9198 0.055559 
0.9506 0.057547 
0.9794 0.059687 
1.0103 0.061729 
1.0390 0.064660 
1.0699 0.066771 
1.0987 0.069664 
1.1274 0.071832 
1.1583 0.073757 
1.1871 0.076602 
1.2179 0.078429 
1.2467 0.080297 
1.2775 0.082181 
1.3063 0.083852 
1.3371 0.086594 
1.3658 0.089748 
1.3946 0.092745 
1.4254 0.096456 
1.4542 0.099767 
1.4850 0.103500 
1.5138 0.107526 
1.5425 0.112087 
1.5734 0.115607 
1.6021 0.119300 
1.6329 0.122486 
1.6617 0.125421 
1.6925 0.129016 
1.7212 0.132913 
1.7500 0.137338 
1.7808 0.141181 
1.8095 0.145093 
1.8403 0.148704 
1.8691 0.152046 
1.8978 0.155705 
1.9286 0.159236 
1.9574 0.163220 
1.9882 0.167014 
2.0169 0.170854 
2.0456 0.175128 
2.0764 0.179042 
2.1052 0.183453 
2.1360 0.188001 
2.1647 0.192094 
2.1955 0.196241 
2.2242 0.200184 
2.2529 0.203793 
2.2837 0.207689 
2.3124 0.211550 
2.3432 0.215573 
2.3719 0.219757 
2.4007 0.223712 
2.4314 0.227667 
2.4602 0.232003 
2.4909 0.235970 
2.5196 0.239986 
2.5484 0.243794 
2.5791 0.247283 
2.6078 0.251159 
2.6365 0.254875 
2.6673 0.258778 
2.6960 0.262661 
2.7268 0.266629 
2.7555 0.270341 
2.7842 0.274653 
2.8149 0.278531 
2.8436 0.282521 
2.8744 0.286620 
2.9031 0.290179 
2.9318 0.293641 
2.9625 0.296920 
2.9912 0.300487 
3.0220 0.303741 
3.0507 0.307225 
3.0794 0.310294 
3.1101 0.313176 
3.1388 0.316124 
3.1695 0.318834 
3.1982 0.321938 
3.2269 0.324918 
3.2576 0.327859 
3.2863 0.330916 
3.3150 0.333744 
3.3457 0.336386 
3.3744 0.338988 
3.4051 0.341634 
3.4338 0.344886 
3.4625 0.347985 
3.4932 0.351106 
3.5219 0.354184 
3.5506 0.356825 
3.5813 0.359388 
3.6099 0.361640 
3.6407 0.363768 
3.6693 0.366034 
3.6980 0.368291 
3.7287 0.370559 
3.7574 0.373034 
3.7860 0.375213 
3.8167 0.377102 
3.8454 0.379257 
3.8761 0.380883 
3.9048 0.382956 
3.9334 0.384563 
3.9641 0.385968 
3.9928 0.387284 
4.0214 0.388672 
4.0521 0.390035 
4.0808 0.391547 
4.1094 0.393278 
4.1401 0.394765 
4.1687 0.396362 
4.1994 0.397817 
4.2281 0.399446 
4.2567 0.400945 
4.2874 0.402556 
4.3160 0.404124 
4.3447 0.405791 
4.3754 0.407104 
4.4040 0.408402 
4.4326 0.409853 
4.4633 0.410864 
4.4919 0.412280 
4.5226 0.413257 
4.5512 0.414271 
4.5799 0.415592 
4.6105 0.416559 
4.6391 0.417508 
4.6678 0.418440 
4.6984 0.419024 
4.7271 0.419764 
4.7557 0.420916 
4.7863 0.421790 
4.8149 0.422750 
4.8436 0.423686 
4.8742 0.424391 
4.9028 0.425319 
4.9314 0.426168 
4.9621 0.426652 
4.9907 0.427500 
5.0214 0.427917 
5.0500 0.428470 
5.0786 0.429040 
5.1092 0.429181 
5.1378 0.429694 
5.1664 0.430338 
5.1971 0.430811 
5.2256 0.431544 
5.2542 0.432234 
5.2849 0.432626 
5.3135 0.433410 
5.3421 0.433815 
5.3727 0.433873 
5.4013 0.433994 
5.4299 0.434051 
5.4605 0.434238 
5.4891 0.434399 
5.5177 0.434491 
5.5483 0.434290 
5.5769 0.434195 
5.6055 0.434026 
5.6361 0.433651 
5.6647 0.433295 
5.6932 0.432817 
5.7239 0.432587 
5.7524 0.432309 
5.7810 0.432099 
5.8116 0.431589 
5.8402 0.431203 
5.8688 0.430858 
5.8994 0.430178 
5.9279 0.429773 
5.9565 0.429121 
5.9871 0.428259 
6.0157 0.427877 
6.0442 0.427524 
6.0748 0.427015 
6.1034 0.426608 
6.1319 0.426146 
6.1625 0.425326 
6.1911 0.424548 
6.2197 0.424097 
6.2502 0.423060 
6.2788 0.422340 
6.3073 0.421583 
6.3379 0.420569 
6.3665 0.419485 
6.3950 0.418367 
6.4236 0.417175 
6.4542 0.415736 
6.4827 0.414578 
6.5133 0.413003 
6.5418 0.411825 
6.5704 0.410778 
6.5989 0.409840 
6.6295 0.408658 
6.6580 0.407294 
6.6865 0.406013 
6.7171 0.404409 
6.7456 0.403107 
6.7742 0.401898 
6.8047 0.400512 
6.8333 0.399225 
6.8618 0.397872 
6.8903 0.396468 
6.9209 0.394756 
6.9494 0.393454 
6.9779 0.391976 
7.0085 0.390350 
7.0370 0.388696 
7.0655 0.386961 
7.0961 0.385331 
7.1246 0.383798 
7.1531 0.382207 
7.1836 0.380509 
7.2121 0.378655 
7.2406 0.376587 
7.2692 0.374573 
7.2997 0.372456 
7.3282 0.370324 
7.3567 0.368284 
7.3852 0.366230 
7.4157 0.363746 
7.4442 0.361723 
7.4727 0.359659 
7.5033 0.357481 
7.5318 0.355369 
7.5603 0.353208 
7.5908 0.351007 
7.6193 0.348906 
7.6478 0.346639 
7.6763 0.344261 
7.7068 0.341816 
7.7353 0.339378 
7.7638 0.336908 
7.7943 0.334302 
7.8228 0.331762 
7.8513 0.329103 
7.8797 0.326461 
7.9102 0.323893 
7.9387 0.321289 
7.9672 0.318746 
7.9977 0.316180 
8.0262 0.313588 
8.0547 0.310895 
8.0831 0.308143 
8.1136 0.305390 
8.1421 0.302540 
8.1706 0.299809 
8.2011 0.296959 
8.2295 0.294128 
8.2580 0.291308 
8.2865 0.288403 
8.3170 0.285293 
8.3454 0.282382 
8.3739 0.279531 
8.4023 0.276667 
8.4328 0.273971 
8.4613 0.271310 
8.4897 0.268522 
8.5202 0.265727 
8.5487 0.263055 
8.5771 0.260353 
8.6056 0.257630 
8.6361 0.254806 
8.6645 0.252020 
8.6929 0.249116 
8.7214 0.246241 
8.7519 0.243340 
8.7803 0.240330 
8.8087 0.237271 
8.8372 0.234513 
8.8677 0.231655 
8.8961 0.228886 
8.9245 0.226238 
8.9530 0.223485 
8.9834 0.220621 
9.0119 0.217831 
9.0403 0.215132 
9.0687 0.212414 
9.0992 0.209738 
9.1276 0.207197 
9.1560 0.204563 
9.1865 0.201927 
9.2149 0.199397 
9.2433 0.196926 
9.2717 0.194609 
9.3022 0.192143 
9.3306 0.189688 
9.3590 0.187275 
9.3874 0.184898 
9.4159 0.182522 
9.4463 0.180279 
9.4747 0.177961 
9.5031 0.175588 
9.5336 0.173258 
9.5620 0.170851 
9.5904 0.168497 
9.6188 0.166139 
9.6472 0.163752 
9.6776 0.161402 
9.7060 0.159167 
9.7344 0.156910 
9.7628 0.154715 
9.7932 0.152618 
9.8216 0.150492 
9.8500 0.148376 
9.8804 0.146325 
9.9088 0.144300 
9.9372 0.142354 
9.9656 0.140569 
9.9940 0.138730 
10.0244 0.136740 
10.0528 0.134805 
10.0812 0.132893 
10.1096 0.131017 
10.1400 0.129249 
10.1684 0.127544 
10.1967 0.125868 
10.2251 0.124229 
10.2555 0.122502 
10.2839 0.120872 
10.3123 0.119140 
10.3406 0.117360 
10.3690 0.115621 
10.3994 0.113875 
10.4278 0.112233 
10.4561 0.110654 
10.4845 0.109130 
10.5149 0.107608 
10.5433 0.106082 
10.5716 0.104599 
10.6000 0.103284 
10.6304 0.101855 
10.6587 0.100493 
10.6871 0.099225 
10.7155 0.097773 
10.7458 0.096427 
10.7742 0.095310 
10.8025 0.094174 
10.8309 0.093131 
10.8592 0.092054 
10.8896 0.090847 
10.9180 0.089693 
10.9463 0.088521 
10.9747 0.087456 
11.0050 0.086436 
11.0334 0.085351 
11.0617 0.084361 
11.0901 0.083353 
11.1184 0.082266 
11.1488 0.081347 
11.1771 0.080495 
11.2054 0.079609 
11.2338 0.078942 
11.2621 0.078162 
11.2924 0.077269 
11.3208 0.076437 
11.3491 0.075561 
11.3774 0.074742 
11.4078 0.074024 
11.4361 0.073405 
11.4644 0.072666 
11.4928 0.071959 
11.5211 0.071336 
11.5514 0.070706 
11.5797 0.070068 
11.6081 0.069548 
11.6364 0.068960 
11.6667 0.068329 
11.6950 0.067925 
11.7233 0.067488 
11.7517 0.067013 
11.7800 0.066565 
11.8083 0.066032 
11.8386 0.065481 
11.8669 0.064947 
11.8952 0.064462 
11.9235 0.064014 
11.9538 0.063433 
11.9821 0.062932 
12.0104 0.062361 
12.0387 0.061799 
12.0670 0.061401 
12.0974 0.060937 
12.1257 0.060560 
12.1539 0.060181 
12.1822 0.059638 
12.2105 0.059228 
12.2408 0.058746 
12.2691 0.058246 
12.2974 0.057921 
12.3257 0.057395 
12.3540 0.056936 
12.3823 0.056566 
12.4126 0.056040 
12.4409 0.055673 
12.4691 0.055280 
12.4974 0.054861 
12.5277 0.054465 
12.5560 0.054059 
12.5843 0.053602 
12.6125 0.053041 
12.6408 0.052550 
12.6711 0.052090 
12.6974 0.051637 
12.7276 0.051235 
12.7559 0.050853 
12.7842 0.050400 
12.8124 0.049977 
12.8427 0.049570 
12.8710 0.049105 
12.8992 0.048603 
12.9275 0.048161 
12.9558 0.047634 
12.9860 0.047161 
13.0123 0.046755 
13.0405 0.046263 
13.0708 0.045898 
13.0991 0.045410 
13.1273 0.045007 
13.1576 0.044667 
13.1838 0.044259 
13.2141 0.044003 
13.2423 0.043627 
13.2706 0.043259 
13.3008 0.042855 
13.3271 0.042331 
13.3573 0.041914 
13.3856 0.041440 
13.4138 0.041000 
13.4441 0.040631 
13.4703 0.040228 
13.5005 0.039832 
13.5288 0.039393 
13.5570 0.038980 
13.5852 0.038516 
13.6155 0.038027 
13.6417 0.037613 
13.6719 0.037106 
13.6981 0.036658 
13.7264 0.036160 
13.7566 0.035651 
13.7848 0.035236 
13.8130 0.034775 
13.8413 0.034303 
13.8695 0.033827 
13.8997 0.033242 
13.9279 0.032702 
13.9541 0.032192 
13.9844 0.031605 
14.0126 0.031097 
14.0428 0.030446 
14.0710 0.029863 
14.0992 0.029319 
14.1274 0.028738 
14.1556 0.028282 
14.1838 0.027692 
14.2121 0.027202 
14.2423 0.026641 
14.2705 0.026074 
14.2967 0.025530 
14.3269 0.024843 
14.3551 0.024189 
14.3853 0.023434 
14.4135 0.022787 
14.4397 0.022089 
14.4678 0.021502 
14.4960 0.020934 
14.5262 0.020294 
14.5544 0.019752 
14.5826 0.019087 
14.6108 0.018469 
14.6390 0.017812 
14.6672 0.017156 
14.6994 0.016543 
14.7256 0.015867 
14.7537 0.015289 
14.7819 0.014721 
14.8222 0.014129 
14.8383 0.013654 
14.8665 0.013121 
14.8946 0.012564 
14.9268 0.012036 
14.9530 0.011444 
14.9812 0.010877 
15.0214 0.010266 
15.0375 0.009653 
15.0797 0.009144 
15.1079 0.008627 
15.1502 0.008152 
15.1964 0.007670 
15.2246 0.007094 
15.2527 0.006606 
15.2789 0.006100 
15.3091 0.005548 
15.3493 0.005066 
15.3774 0.004406 
15.4076 0.003892 
15.4518 0.003388 
15.4800 0.002878 
15.5222 0.002516 
15.5624 0.002077 
15.5946 0.001727 
15.6368 0.001375 
15.6750 0.001008 
15.6911 0.000603 
15.7192 0.000227 
15.7634 -0.000230 
15.7916 -0.000672 
15.8217 -0.001087 
15.8498 -0.001556 
15.8760 -0.001922 
15.9041 -0.002255 
15.9483 -0.002551 
15.9744 -0.002851 
16.0146 -0.003152 
16.0447 -0.003481 
16.0749 -0.003824 
16.1110 -0.004260 
16.1432 -0.004618 
16.1733 -0.005076 
16.2175 -0.005540 
16.2436 -0.005861 
16.2858 -0.006287 
16.3139 -0.006583 
16.3420 -0.006882 
16.3681 -0.007153 
16.4143 -0.007371 
16.4544 -0.007667 
16.4986 -0.007904 
16.5267 -0.008245 
16.5548 -0.008539 
16.5829 -0.008797 
16.6230 -0.009121 
16.6672 -0.009361 
16.6832 -0.009622 
16.7294 -0.009803 
16.7535 -0.009875 
16.7836 -0.009978 
16.8097 -0.010104 
16.8418 -0.010248 
16.8658 -0.010444 
16.8939 -0.010602 
16.9220 -0.010749 
16.9381 -0.010847 
16.9802 -0.010888 
17.0103 -0.010889 
17.0504 -0.010836 
17.0965 -0.010773 
17.1226 -0.010702 
17.1487 -0.010573 
17.1768 -0.010449 
17.2088 -0.010277 
