10.401998474 0.1401 0.305139332301 0.114335810804 3.66167198761 1.37202972964 4.5661238909 4.55947075648 0.0539226502735 0.647071803282
10.5501937603 0.1411 0.305472929835 0.113368095451 3.66567515802 1.36041714541 4.56997770303 4.56363893939 0.0535978082511 0.643173699014
10.6994196768 0.1421 0.305549375195 0.112528324647 3.66659250234 1.35033989576 4.57380429265 4.56776780309 0.0532771526871 0.639325832245
10.8496757375 0.1431 0.305371769926 0.111805144213 3.66446123911 1.34166173055 4.57760861238 4.57186641403 0.0529607007549 0.635528409059
11.0009614531 0.1441 0.306529192375 0.111187518043 3.6783503085 1.33425021652 4.58138615356 4.57592890541 0.0526482974005 0.631779568806
11.1532763315 0.1451 0.307086208266 0.110666100808 3.68503449919 1.3279932097 4.58512290354 4.57993816234 0.0523396632549 0.628075959059
11.3066198774 0.1461 0.307094271727 0.110238504244 3.68513126072 1.32286205093 4.58883357563 4.58391311744 0.0520349356681 0.624419228017
11.4609915925 0.1471 0.30720822986 0.109890868121 3.68649875831 1.31869041745 4.59252103366 4.58785703847 0.051734071748 0.620808860976
11.6163909756 0.1481 0.306967904926 0.109616703019 3.68361485911 1.31540043623 4.5961890909 4.59177683715 0.0514370706018 0.617244847222
11.7728175224 0.1491 0.307813147881 0.109408294578 3.69375777457 1.31289953494 4.59983531193 4.59566942009 0.051143820065 0.613725840779
11.9302707256 0.1501 0.308273936136 0.109254727959 3.69928723363 1.3110567355 4.60344621546 4.59951792317 0.0508540586828 0.610248704193
12.0887500749 0.1511 0.30819369401 0.109154311995 3.69832432812 1.30985174394 4.60703428396 4.60333822135 0.0505678914365 0.606814697238
12.248255057 0.1521 0.308362179294 0.10909827256 3.70034615153 1.30917927072 4.61060162133 4.60713292441 0.0502852758749 0.603423310499
12.4087851557 0.1531 0.308101864277 0.109080385864 3.69722237133 1.30896463037 4.61415011207 4.61090472439 0.0500061715643 0.600074058771
12.5703398518 0.1541 0.308406990425 0.109099164144 3.7008838851 1.30918996972 4.61768238018 4.61465821376 0.049730559619 0.596766715428
12.7329186232 0.1551 0.309003704308 0.109143521619 3.7080444517 1.30972225943 4.62118360812 4.6183743977 0.0494581690757 0.593498028909
12.8965209446 0.1561 0.308968826945 0.109212757974 3.70762592334 1.31055309569 4.62466253981 4.62206396668 0.0491890516915 0.590268620298
13.0611462881 0.1571 0.30904753964 0.109305001279 3.70857047568 1.31166001535 4.62812384611 4.62573311883 0.0489232104687 0.587078525625
13.2267941226 0.1581 0.309007883359 0.109412046419 3.7080946003 1.31294455702 4.63156498649 4.62937819874 0.0486605448039 0.583926537647
13.3934639143 0.1591 0.308710310082 0.109534531043 3.70452372099 1.31441437252 4.63499034343 4.63300565678 0.0484010621701 0.580812746041
13.5611551262 0.1601 0.309546295384 0.109666940301 3.71455554461 1.31600328361 4.63839418906 4.63660868706 0.048144632251 0.577735587012
13.7298672186 0.1611 0.309586337244 0.109804966766 3.71503604692 1.31765960119 4.64177320414 4.64018270602 0.0478911508518 0.574693810221
13.8995996488 0.1621 0.309350173262 0.109951422887 3.71220207915 1.31941707465 4.64513584045 4.64373818923 0.0476406708065 0.571688049678
14.0703518714 0.1631 0.309694048063 0.110100749546 3.71632857676 1.32120899456 4.6484795184 4.64727214969 0.0473931064363 0.568717277235
14.2421233378 0.1641 0.309593674569 0.110252123443 3.71512409482 1.32302548132 4.65180516425 4.65078507596 0.0471484093613 0.565780912336
14.4149134967 0.1651 0.309570318581 0.110406562933 3.71484382297 1.3248787552 4.65511664639 4.65428276799 0.0469065859054 0.562879030865
14.588721794 0.1661 0.310117823239 0.110556655154 3.72141387886 1.32667986185 4.65840408723 4.65775303513 0.0466674620273 0.560009544328
14.7635476727 0.1671 0.310065377367 0.110704627994 3.72078452841 1.32845553593 4.66167261877 4.66120171874 0.0464310473815 0.557172568578
14.9393905727 0.1681 0.310151514192 0.110852639123 3.7218181703 1.33023166948 4.66492610986 4.66463354093 0.0461973403488 0.554368084186
15.1162499314 0.1691 0.310366756314 0.110996105479 3.72440107577 1.33195326575 4.66815911884 4.66804209794 0.0459662298249 0.551594757898
15.2941251832 0.1701 0.310221643804 0.111138337136 3.72265972564 1.33366004563 4.67137584981 4.67143204772 0.0457377155744 0.548852586893
15.4730157597 0.1711 0.310398630077 0.11127904675 3.72478356092 1.335348561 4.6745788671 4.67480723895 0.0455117895215 0.546141474258
15.6529210898 0.1721 0.310645666273 0.111411820087 3.72774799527 1.33694184104 4.67776021495 4.67815801916 0.0452883131023 0.543459757228
15.8338405993 0.1731 0.310496401865 0.111540874163 3.72595682238 1.33849048995 4.68092550248 4.68149072675 0.0450673048233 0.540807657879
16.0157737114 0.1741 0.310698277041 0.111668811422 3.72837932449 1.34002573706 4.68407686528 4.68480790742 0.0448487465012 0.538184958014
16.1987198466 0.1751 0.310927460114 0.111791889914 3.73112952136 1.34150267897 4.68720764768 4.68810171392 0.0446325214411 0.535590257293
16.3826784224 0.1761 0.310840588142 0.111913977251 3.73008705771 1.34296772702 4.69032281776 4.69137816729 0.044418646847 0.533023762164
16.5676488537 0.1771 0.310955597006 0.112034743964 3.73146716407 1.34441692757 4.69342453655 4.69463959474 0.0442071047938 0.530485257526
16.7536305525 0.1781 0.311162067187 0.112147416461 3.73394480624 1.34576899754 4.69650700363 4.69787967171 0.043997796747 0.527973560965
16.9406229282 0.1791 0.31106742995 0.112255642126 3.73280915941 1.34706770552 4.69957422269 4.70110260134 0.0437907243908 0.52548869269
17.1286253874 0.1801 0.311146698145 0.112362378487 3.73376037774 1.34834854185 4.7026287702 4.70431144777 0.0435858788484 0.523030546181
17.3176373337 0.1811 0.311577610824 0.112464326527 3.73893132989 1.34957191833 4.7056629413 4.70749699128 0.043383138255 0.52059765906
17.5076581684 0.1821 0.31151595782 0.112565740907 3.73819149384 1.35078889089 4.70868127845 4.71066511742 0.0431825218241 0.518190261889
17.6986872899 0.1831 0.311305140184 0.112668333823 3.73566168221 1.35202000588 4.71168710292 4.71381937713 0.0429840271022 0.515808325226
17.8907240937 0.1841 0.311696154985 0.112765580886 3.74035385982 1.35318697063 4.71467667972 4.71695572745 0.0427875828292 0.513450993951
18.083767973 0.1851 0.31159696903 0.112857643467 3.73916362837 1.3542917216 4.71765157345 4.72007585236 0.0425931709337 0.511118051204
18.2778183178 0.1861 0.311347453604 0.112947759793 3.73616944325 1.35537311752 4.72061468577 4.72318299133 0.0424007877076 0.508809452491
18.472874516 0.1871 0.312018680297 0.113035158391 3.74422416356 1.35642190069 4.72356173313 4.72627194657 0.042210354191 0.506524250292
18.6689359523 0.1881 0.31213052641 0.113120038177 3.74556631692 1.35744045812 4.72648995164 4.72933962114 0.0420218117317 0.504261740781
18.866002009 0.1891 0.312040384866 0.113206820279 3.74448461839 1.35848184335 4.72940499146 4.73239306462 0.0418351925911 0.502022311093
19.0640720658 0.1901 0.312232214742 0.113293638547 3.7467865769 1.35952366257 4.73230711838 4.73543204828 0.0416504643854 0.499805572625
19.2631454995 0.1911 0.312148542243 0.113374756284 3.74578250692 1.36049707541 4.73519458484 4.73845499906 0.0414675836415 0.497611003698
19.4632216845 0.1921 0.31195240818 0.113452970456 3.74342889815 1.36143564547 4.73807060021 4.74146546482 0.0412865523697 0.495438628437
19.6642999926 0.1931 0.312172175072 0.113529964958 3.74606610087 1.3623595795 4.74093598601 4.74446420756 0.0411073484259 0.493288181111
19.8663797927 0.1941 0.312720164065 0.11360271704 3.75264196878 1.36323260448 4.74378082738 4.74743927481 0.0409298405099 0.491158086119
20.0694604513 0.1951 0.312763160661 0.113675774965 3.75315792793 1.36410929958 4.74661043484 4.75039749259 0.0407540610279 0.489048732335
20.2735413324 0.1961 0.312638364352 0.113751618737 3.75166037223 1.36501942484 4.74942799489 4.75334284214 0.040580017487 0.486960209844
20.4786217971 0.1971 0.312738539143 0.113826405019 3.75286246971 1.36591686023 4.75223322896 4.75627452613 0.0404076766727 0.484892120073
20.6847012041 0.1981 0.312578607212 0.113896283129 3.75094328655 1.36675539755 4.75502653601 4.75919335925 0.0402370196634 0.482844235961
20.8917789097 0.1991 0.312317819106 0.113963628514 3.74781382928 1.36756354216 4.75780993572 4.76210149079 0.0400680391522 0.480816469827
21.0998542673 0.2001 0.312870301923 0.114029489434 3.75444362307 1.3683538732 4.76058217562 4.76499723844 0.0399006959079 0.478808350895
21.3089266279 0.2011 0.313279797692 0.114091482997 3.7593575723 1.36909779596 4.76333397188 4.76786941198 0.0397348722293 0.476818466751
21.5189953401 0.2021 0.313320500367 0.114154370511 3.75984600441 1.36985244613 4.76607190878 4.77072637192 0.0395706148251 0.474847377901
21.7300597497 0.2031 0.313187936545 0.114219785123 3.75825523853 1.37063742147 4.76879876744 4.77357168629 0.0394079299797 0.472895159756
21.9421192002 0.2041 0.31321306363 0.114282988446 3.75855676356 1.37139586135 4.77151425584 4.77640460606 0.0392467884067 0.470961460881
22.1551730324 0.2051 0.313016500273 0.114341279858 3.75619800328 1.37209535829 4.77421948648 4.77922655337 0.0390871791417 0.469046149701
22.3692205848 0.2061 0.312731623004 0.114396223899 3.75277947604 1.37275468678 4.77691567511 4.78203879936 0.0389290902134 0.467149082561
22.5842611932 0.2071 0.313303876957 0.114449297171 3.75964652349 1.37339156605 4.7796014848 4.78483947979 0.0387724844838 0.465269813805
22.800294191 0.2081 0.313776639911 0.114498417787 3.76531967893 1.37398101345 4.78226715051 4.7876167087 0.0386172446783 0.463406936139
23.0173189092 0.2091 0.313842752845 0.114547854296 3.76611303415 1.37457425155 4.78491918717 4.790378824 0.0384634180629 0.461561016755
23.2353346763 0.2101 0.313754600462 0.114599284761 3.76505520555 1.37519141713 4.7875604916 4.79312965173 0.0383110149995 0.459732179994
23.4543408182 0.2111 0.313664671852 0.114649224422 3.76397606223 1.37579069307 4.79019178924 4.79586999977 0.0381600216658 0.45792025999
23.6743366586 0.2121 0.313457292332 0.114693823845 3.76148750799 1.37632588614 4.79281388645 4.79860046344 0.0380104228214 0.456125073857
23.8953215185 0.2131 0.313166165762 0.114733359523 3.75799398915 1.37680031427 4.79542778564 4.80132230954 0.0378622088108 0.45434650573
24.1172947166 0.2141 0.313329013569 0.114770023132 3.75994816283 1.37724027758 4.79803366898 4.80403537293 0.0377153589256 0.452584307107
24.3402555693 0.2151 0.314201059867 0.114802223202 3.77041271841 1.37762667842 4.80062021537 4.80672586241 0.0375697463382 0.450836956059
24.5642033904 0.2161 0.314428253514 0.114833269928 3.77313904216 1.37799923914 4.80319165659 4.80939911807 0.0374253953431 0.449104744117
24.7891374914 0.2171 0.314376564123 0.114865887023 3.77251876948 1.37839064428 4.80575195111 4.81206039094 0.0372823291337 0.447387949604
25.0150571814 0.2181 0.314230993176 0.114899277032 3.77077191811 1.37879132439 4.80830295363 4.81471208183 0.0371405485294 0.445686582352
25.241961767 0.2191 0.313970725952 0.114927406234 3.76764871143 1.37912887481 4.81084576863 4.81735524012 0.0370000439708 0.44400052765
25.4698505527 0.2201 0.31371238596 0.114949738751 3.76454863152 1.37939686502 4.81338104318 4.81999041178 0.03686080223 0.44232962676
25.6987228404 0.2211 0.313376885372 0.114967139262 3.76052262447 1.37960567115 4.81590911851 4.82261788135 0.0367228083309 0.440673699971
25.9285779298 0.2221 0.31435945439 0.114981061239 3.77231345268 1.37977273486 4.81842523683 4.82523166141 0.036586000013 0.439032000156
26.1594151181 0.2231 0.314775333207 0.11499172835 3.77730399848 1.37990074021 4.82092251165 4.82782346977 0.0364502987629 0.437403585155
26.3912337004 0.2241 0.314869917971 0.115002817946 3.77843901565 1.38003381535 4.82340770478 4.83040179706 0.0363157535088 0.435789042106
26.6240329693 0.2251 0.314797890845 0.11501602762 3.77757469014 1.38019233144 4.82588321211 4.83296983207 0.0361823726771 0.434188472126
26.857812215 0.2261 0.31460188594 0.115028821274 3.77522263128 1.38034585528 4.82835061164 4.83552959644 0.0360501558658 0.432601870389
27.0925707258 0.2271 0.314386564338 0.115036639897 3.77263877206 1.38043967876 4.8308103575 4.83808135145 0.0359190896246 0.431029075496
27.3283077873 0.2281 0.314139278571 0.115038764864 3.76967134286 1.38046517837 4.83326284082 4.84062531237 0.0357891604007 0.429469924808
27.565022683 0.2291 0.31384642992 0.115036647882 3.76615715904 1.38043977458 4.83570841369 4.84316178241 0.0356603555259 0.42792426631
27.8027146942 0.2301 0.31494206431 0.115030855638 3.77930477172 1.38037026766 4.8381398825 4.84568182832 0.0355325948248 0.426391137898
28.0413830997 0.2311 0.315209215653 0.115023284503 3.78251058783 1.38027941404 4.84055585063 4.84818390307 0.0354058533858 0.424870240629
28.2810271763 0.2321 0.315228036742 0.115016615074 3.78273644091 1.38019938089 4.84296136491 4.85067439219 0.0352801644097 0.423361972916
28.5216461985 0.2331 0.315081249231 0.115012705145 3.78097499077 1.38015246175 4.84535844349 4.85315608653 0.0351555345338 0.421866414406
28.7632394384 0.2341 0.314964805903 0.115009333144 3.77957767084 1.38011199773 4.84774781882 4.85563002792 0.0350319576826 0.420383492191
29.0058061662 0.2351 0.314744685512 0.115004203015 3.77693622614 1.38005043618 4.85012984472 4.858096517 0.0349094225649 0.418913070779
29.2493456496 0.2361 0.314502764919 0.114997406736 3.77403317903 1.37996888083 4.85250517608 4.86055613481 0.0347879200893 0.417455041072
29.4938571542 0.2371 0.314224727147 0.114989160009 3.77069672577 1.37986992011 4.85487399688 4.86300896667 0.0346674377879 0.416009253454
29.7393399435 0.2381 0.315175726402 0.114979180796 3.78210871682 1.37975016955 4.85723057031 4.86544771117 0.0345479109513 0.414574931415
29.9857932786 0.2391 0.315413258583 0.114968444323 3.784959103 1.37962133187 4.85957286489 4.86786994481 0.0344293104004 0.413151724805
30.2332164188 0.2401 0.315424419127 0.114959310034 3.78509302953 1.37951172041 4.86190543132 4.87028137695 0.0343116647209 0.41173997665
30.4816086209 0.2411 0.315300939568 0.114953396288 3.78361127481 1.37944075545 4.86423002729 4.87268445936 0.0341949792034 0.410339750441
30.7309691397 0.2421 0.315285901455 0.114949864093 3.78343081746 1.37939836911 4.86654687693 4.87507967245 0.0340792452877 0.408950943452
30.9812972279 0.2431 0.315175707116 0.114946556188 3.78210848539 1.37935867425 4.86885581591 4.87746676487 0.0339644494617 0.40757339354
31.2325921359 0.2441 0.314987015753 0.114944555263 3.77984418903 1.37933466316 4.87115784926 4.87984659649 0.0338505861407 0.406207033689
31.4848531121 0.2451 0.314737153557 0.1149437717 3.77684584269 1.3793252604 4.87345336186 4.88221943306 0.0337376457315 0.404851748778
31.7380794029 0.2461 0.315377784249 0.114943719568 3.78453341099 1.37932463481 4.87574023509 4.88458248905 0.0336255977929 0.403507173515
31.9922702524 0.2471 0.315696010314 0.114943335885 3.78835212377 1.37932003062 4.87801271754 4.88692872812 0.0335143832045 0.402172598454
32.2474249028 0.2481 0.315710156657 0.114945145759 3.78852187989 1.37934174911 4.88027563636 4.88926422245 0.0334040333067 0.400848399681
32.5035425941 0.2491 0.315597125272 0.114950280171 3.78716550326 1.37940336205 4.8825309302 4.89159158204 0.0332945554144 0.399534664973
32.7606225642 0.2501 0.315573972583 0.114959377956 3.786887671 1.37951253547 4.8847794679 4.89391213289 0.0331859480366 0.398231376439
33.0186640491 0.2511 0.31551720343 0.114969719788 3.78620644116 1.37963663746 4.88702001332 4.89622452591 0.0330781916426 0.396938299712
33.2776662826 0.2521 0.315355570024 0.114982220477 3.78426684029 1.37978664573 4.88925371738 4.89853008949 0.0329712850235 0.395655420282
33.5376284967 0.2531 0.315179627505 0.114996063971 3.78215553006 1.37995276765 4.89148102298 4.90082898374 0.0328652191636 0.394382629964
33.798549921 0.2541 0.314940597015 0.115010966082 3.77928716418 1.38013159299 4.89370220886 4.90312134737 0.0327599850475 0.393119820569
34.0604297834 0.2551 0.315773047807 0.115025309996 3.78927657369 1.38030371995 4.89591189318 4.90540040669 0.0326555277849 0.391866333419
34.3232673097 0.2561 0.315943377031 0.115040691322 3.79132052437 1.38048829586 4.89811046262 4.90766665806 0.0325518415156 0.390622098187
34.5870617237 0.2571 0.315875227016 0.115058917799 3.79050272419 1.38070701359 4.90030102344 4.90992409022 0.0324489435538 0.389387322645
34.8518122472 0.2581 0.315703558954 0.115080649593 3.78844270744 1.38096779511 4.90248501458 4.9121747162 0.0323468379632 0.388162055559
35.1175181001 0.2591 0.315796037366 0.115105518576 3.7895524484 1.38126622291 4.90466244005 4.91441879991 0.0322455172824 0.386946207389
35.3841785003 0.2601 0.315768223534 0.115131493693 3.78921868241 1.38157792432 4.90683179675 4.9166546472 0.0321449613641 0.385739536369
35.6517926636 0.2611 0.315594540084 0.115159596864 3.78713448101 1.38191516237 4.90899476415 4.91888425009 0.0320451743717 0.384542092461
35.9203598041 0.2621 0.315410672804 0.115188663447 3.78492807365 1.38226396136 4.91115189092 4.92110795282 0.0319461497222 0.383353796666
36.1898791338 0.2631 0.315390224876 0.115218288305 3.78468269851 1.38261945967 4.91330322278 4.92332556659 0.0318478774865 0.382174529838
36.4603498629 0.2641 0.31595709176 0.11524664071 3.79148510112 1.38295968852 4.91544330826 4.9255302538 0.0317503050255 0.381003660306
36.7317711997 0.2651 0.316065254986 0.115276061636 3.79278305984 1.38331273963 4.91757399805 4.92772420425 0.0316534384335 0.379841261202
37.0041423503 0.2661 0.316002238637 0.115308052181 3.79202686365 1.38369662617 4.91969743044 4.9299101995 0.0315572875154 0.378687450185
37.2774625194 0.2671 0.315820302991 0.115342964175 3.78984363589 1.3841155701 4.92181474597 4.9320898339 0.0314618543763 0.377542252515
37.5517309094 0.2681 0.315960456485 0.115380415411 3.79152547782 1.38456498494 4.92392585135 4.93426324897 0.0313671318645 0.376405582375
37.8269467211 0.2691 0.315963285004 0.115418339292 3.79155942005 1.38502007151 4.92602886566 4.93642831855 0.0312730985696 0.375277182836
38.1031091532 0.2701 0.315799163216 0.115457979492 3.78958995859 1.3854957539 4.92812582098 4.93858756603 0.0311797627377 0.374157152852
38.3802174029 0.2711 0.315625845505 0.115498163673 3.78751014606 1.38597796408 4.93021730791 4.94074153949 0.0310871200817 0.37304544098
38.6582706651 0.2721 0.315444753558 0.115537774964 3.7853370427 1.38645329957 4.93230353143 4.94289017034 0.0309951625147 0.371941950177
38.9372681333 0.2731 0.316030133696 0.115574987876 3.79236160436 1.38689985452 4.9343805894 4.94502854333 0.0309038517782 0.370846221339
39.217208999 0.2741 0.3161360071 0.115611484965 3.7936320852 1.38733781959 4.93644857302 4.9471566017 0.0308131803976 0.369758164771
39.4980924518 0.2751 0.31603948168 0.115649680719 3.79247378016 1.38779616863 4.93850970758 4.94927711606 0.0307231585573 0.368677902687
39.7799176796 0.2761 0.315879094557 0.1156902457 3.79054913469 1.3882829484 4.94056517093 4.95139174252 0.030633789418 0.367605473016
40.0626838686 0.2771 0.315952459642 0.115732878943 3.7914295157 1.38879454731 4.94261537495 4.95350114995 0.0305450700188 0.366540840225
40.3463902032 0.2781 0.316078329683 0.115774831395 3.7929399562 1.38929797674 4.94465712822 4.95560165596 0.0304569707028 0.365483648434
40.6310358659 0.2791 0.316006389188 0.115817145698 3.79207667025 1.38980574838 4.94669240365 4.95769576927 0.030369500137 0.364434001644
40.9166200374 0.2801 0.315872392812 0.115859303309 3.79046871374 1.39031163971 4.9487222624 4.95978476359 0.0302826593414 0.363391912097
41.203141897 0.2811 0.31571773768 0.115899376278 3.78861285216 1.39079251534 4.95074695251 4.96186867274 0.0301964417847 0.362357301417
41.490600622 0.2821 0.315991655156 0.115936061261 3.79189986187 1.39123273513 4.95276545761 4.96394600084 0.0301108317491 0.36132998099
41.7789953879 0.2831 0.316182132136 0.115968492603 3.79418558563 1.39162191123 4.95477475757 4.96601287931 0.0300257993821 0.360309592585
42.0683253687 0.2841 0.316162938923 0.116000159302 3.79395526708 1.39200191162 4.9567771352 4.96807196495 0.0299413545504 0.359296254605
42.3585897366 0.2851 0.316051263231 0.116032733897 3.79261515877 1.39239280677 4.95877361771 4.9701246268 0.0298574992647 0.358289991177
42.6497876622 0.2861 0.315826210277 0.116066664168 3.78991452332 1.39279997002 4.96076515844 4.9721722366 0.0297742355331 0.357290826398
42.9419183141 0.2871 0.316128963494 0.116100616766 3.79354756193 1.39320740119 4.96275055055 4.97421355043 0.0296915497322 0.356298596787
43.2349808597 0.2881 0.316189521743 0.116132784046 3.79427426092 1.39359340855 4.96472805901 4.97624661313 0.0296094241865 0.355313090238
43.5289744644 0.2891 0.316085507464 0.11616332199 3.79302608956 1.39395986388 4.96669983029 4.97827410018 0.0295278689167 0.354334427
43.8238982921 0.2901 0.315928883021 0.116190481076 3.79114659625 1.39428577291 4.96866668387 4.98029696908 0.0294468836663 0.353362603995
44.119751505 0.2911 0.31577504793 0.116211351468 3.78930057516 1.39453621761 4.97062871228 4.9823150848 0.0293664617493 0.352397540991
44.4165332636 0.2921 0.316157823972 0.116223924368 3.79389388766 1.39468709241 4.972583947 4.9843257656 0.0292865816061 0.351438979274
44.714242727 0.2931 0.316227383708 0.116229425865 3.7947286045 1.39475311038 4.9745312676 4.98632744644 0.0292072284934 0.350486741921
45.0128790525 0.2941 0.316181512711 0.116232124165 3.79417815253 1.39478548998 4.97647246974 4.98832222548 0.0291284092472 0.349540910967
45.3124413958 0.2951 0.31605713879 0.116234293392 3.79268566547 1.3948115207 4.97840835669 4.99031121635 0.0290501248944 0.348601498733
45.6129289111 0.2961 0.315806473744 0.116236461652 3.78967768492 1.39483753982 4.98033981241 4.99229571363 0.0289723775055 0.347668530066
45.9143407511 0.2971 0.316282424521 0.116236686291 3.79538909425 1.39484023549 4.98226463411 4.99427323615 0.0288951472869 0.346741767443
46.2166760666 0.2981 0.316352933521 0.116233549964 3.79623520225 1.39480259956 4.98418162391 4.99624245699 0.0288184213507 0.345821056208
46.5199340073 0.2991 0.31632001278 0.116226633639 3.79584015336 1.39471960367 4.98609297292 4.99820606085 0.0287422100403 0.344906520483
46.824113721 0.3001 0.316181276961 0.116212573278 3.79417532353 1.39455087933 4.98799936599 5.00016480633 0.0286665125373 0.343998150448
47.1292143541 0.3011 0.316051322317 0.116186810577 3.7926158678 1.39424172693 4.98990092449 5.0021186183 0.028591323274 0.343095879288
47.4352350514 0.3021 0.316332750476 0.116146751021 3.79599300571 1.39376101225 4.9917964562 5.00406569547 0.0285166269187 0.342199523024
47.7421749564 0.3031 0.316361457286 0.116095094288 3.79633748743 1.39314113146 4.99368487329 5.00600456664 0.0284424102044 0.341308922453
48.0500332108 0.3041 0.316321611837 0.116037415783 3.79585934204 1.3924489894 4.99556757679 5.00793681923 0.0283686773545 0.340424128254
48.358808955 0.3051 0.316176536367 0.115977654088 3.7941184364 1.39173184905 4.99744527398 5.00986349571 0.0282954294697 0.339545153636
48.6685013278 0.3061 0.315960884464 0.115916970606 3.79153061357 1.39100364727 4.99931873182 5.0117857463 0.0282226682504 0.338672019004
48.9791094667 0.3071 0.316409124297 0.115853820187 3.79690949156 1.39024584224 5.0011865838 5.01370208375 0.0281503805741 0.337804566889
49.2906325075 0.3081 0.316592271938 0.115786636412 3.79910726325 1.38943963694 5.00304594129 5.015609165 0.0280785430886 0.336942517064
49.6030695847 0.3091 0.316599483991 0.115716112845 3.79919380789 1.38859335414 5.0048993263 5.01751006642 0.0280071685528 0.336086022634
49.9164198314 0.3101 0.316541200461 0.115640224081 3.79849440553 1.38768268898 5.00674763493 5.0194057774 0.0279362579668 0.335235095601
50.2306823791 0.3111 0.316501569779 0.115554611078 3.79801883735 1.38665533293 5.00859106818 5.02129628275 0.0278658067494 0.334389680993
50.545856358 0.3121 0.316587689162 0.115455834867 3.79905226995 1.3854700184 5.01042935821 5.02318087337 0.0277958065385 0.333549678462
50.8619408968 0.3131 0.31666767799 0.11534462758 3.80001213587 1.38413553096 5.01226085504 5.02505728529 0.0277262404941 0.332714885929
51.1789351229 0.3141 0.316662688859 0.115227385432 3.79995226631 1.38272862518 5.01408668096 5.02692688573 0.0276571119524 0.331885343429
51.4968381623 0.3151 0.316576187764 0.115108379251 3.79891425317 1.38130055102 5.01590740958 5.02879044029 0.0275884209165 0.331061050998
51.8156491396 0.3161 0.316410900454 0.114989410456 3.79693080545 1.37987292547 5.01772376053 5.0306491266 0.0275201696481 0.330242035777
52.1353671778 0.3171 0.316180340839 0.114869666026 3.79416409007 1.37843599231 5.01953624055 5.03250379504 0.0274523586035 0.329428303242
52.455991399 0.3181 0.316933402059 0.11474635029 3.80320082471 1.37695620348 5.02134059032 5.03434948179 0.0273849566119 0.328619479342
52.7775209236 0.3191 0.317073036065 0.114620400615 3.80487643278 1.37544480739 5.02313787127 5.03618754509 0.027317967151 0.327815605812
53.0999548707 0.3201 0.317043644107 0.114493613999 3.80452372928 1.37392336798 5.02492977302 5.03802003208 0.0272513973909 0.327016768691
53.4232923582 0.3211 0.316985814385 0.114367348595 3.80382977262 1.37240818314 5.02671689308 5.03984757898 0.0271852468157 0.326222961788
53.7475325026 0.3221 0.316920437218 0.114243190843 3.80304524662 1.37091829011 5.02849936293 5.04167004504 0.0271195107406 0.325434128887
54.072674419 0.3231 0.31702386096 0.114123372112 3.80428633152 1.36948046534 5.03027664633 5.04348637881 0.0270541796528 0.324650155833
54.3987172214 0.3241 0.317047889091 0.114011257564 3.80457466909 1.36813509077 5.03204798134 5.04529540308 0.0269892434763 0.323870921716
54.7256600224 0.3251 0.317010205277 0.113908103884 3.80412246332 1.36689724661 5.03381429208 5.04709836824 0.0269247052011 0.323096462414
55.0535019332 0.3261 0.316892525644 0.113812580449 3.80271030773 1.36575096539 5.03557608174 5.04889601207 0.026860565062 0.322326780744
55.382242064 0.3271 0.316711568214 0.113721898635 3.80053881856 1.36466278361 5.03733389513 5.05068923495 0.0267968241584 0.321561889901
55.7118795236 0.3281 0.316731505631 0.113633607414 3.80077806757 1.36360328897 5.0390880958 5.05247868968 0.0267334822725 0.320801787271
56.0424134194 0.3291 0.317368729283 0.113544647456 3.8084247514 1.36253576947 5.04083383882 5.05425869732 0.026670505782 0.320046069384
56.3738428578 0.3301 0.31750225533 0.113455816557 3.81002706395 1.36146979869 5.04257275279 5.05603130561 0.0266079020944 0.319294825133
56.7061669439 0.3311 0.317510200783 0.113369114428 3.8101224094 1.36042937313 5.044306361 5.05779843401 0.0265456778685 0.318548134422
57.0393847815 0.3321 0.317466649854 0.113288627252 3.80959979825 1.35946352702 5.04603541817 5.05956104472 0.0264838346854 0.317806016225
57.3734954733 0.3331 0.317365197446 0.113221575179 3.80838236935 1.35865890214 5.04776040145 5.06131973319 0.026422372199 0.317068466388
57.7084981208 0.3341 0.317358182323 0.113176257179 3.80829818787 1.35811508614 5.04948122263 5.06307426032 0.0263612857264 0.316335428717
58.0443918241 0.3351 0.31730923098 0.113156346997 3.80771077176 1.35787616396 5.05119722799 5.06482347886 0.0263005659229 0.315606791074
58.3811756824 0.3361 0.31720456408 0.113158966941 3.80645476897 1.3579076033 5.05290906556 5.06656801192 0.0262402127153 0.314882552584
58.7188487937 0.3371 0.317056527821 0.113177859412 3.80467833385 1.35813431294 5.05461702368 5.06830818933 0.026180224521 0.314162694252
59.0574102545 0.3381 0.316893723257 0.113207042871 3.80272467909 1.35848451445 5.05632132588 5.07004436273 0.0261205998903 0.313447198683
59.3968591607 0.3391 0.316663995268 0.113242004369 3.79996794322 1.35890405243 5.05802224687 5.07177700997 0.0260613380413 0.312736056496
59.7371946066 0.3401 0.317385172912 0.113280365751 3.80862207494 1.35936438902 5.05971689048 5.07350280956 0.0260024187327 0.312029024793
60.0784156855 0.3411 0.317658717403 0.113321129556 3.81190460883 1.35985355467 5.06140369221 5.07521995672 0.0259438296901 0.311325956282
60.4205214898 0.3421 0.317747342489 0.113364251929 3.81296810987 1.36037102315 5.06308497821 5.07693131914 0.0258855825933 0.310626991119
60.7635111104 0.3431 0.317733360936 0.113410393743 3.81280033123 1.36092472491 5.06476159131 5.07863799808 0.0258276800221 0.309932160265
61.1073836376 0.3441 0.317598485525 0.113462502902 3.8111818263 1.36155003482 5.0664343275 5.08034115374 0.0257701248331 0.309241497997
61.45213816 0.3451 0.317445387694 0.113525703758 3.80934465233 1.3623084451 5.06810382687 5.08204184751 0.0257129193577 0.308555032292
61.7977737657 0.3461 0.317298100118 0.113603033086 3.80757720142 1.36323639703 5.06977017041 5.08374040935 0.0256560622161 0.307872746593
62.1442895413 0.3471 0.317046403509 0.113693985875 3.80455684211 1.36432783051 5.07143364377 5.08543716102 0.0255995520055 0.307194624066
62.4916845727 0.3481 0.316836288321 0.113795178739 3.80203545985 1.36554214487 5.07309435482 5.08713200544 0.0255433852383 0.30652062286
62.8399579444 0.3491 0.316629658334 0.113904274017 3.79955590001 1.3668512882 5.07475230684 5.08882462522 0.0254875573625 0.30585068835
63.1891087401 0.3501 0.316384818556 0.114018463294 3.79661782267 1.36822155953 5.07640740247 5.09051468178 0.0254320637699 0.305184765239
63.5391360425 0.3511 0.316545101103 0.114135776922 3.79854121323 1.36962932306 5.07805949737 5.09220191197 0.0253769002785 0.304522803342
63.890038933 0.3521 0.317162550567 0.114253911142 3.80595060681 1.3710469337 5.07970330889 5.09388001004 0.0253220327134 0.303864392561
64.2418164923 0.3531 0.317374121743 0.114372808013 3.80848946092 1.37247369615 5.08134068628 5.0955512116 0.0252674695973 0.303209635167
64.5944677999 0.3541 0.31747454627 0.114491732164 3.80969455524 1.37390078596 5.08297301135 5.09721720343 0.0252132166569 0.302558599883
64.9479919345 0.3551 0.317449657321 0.114610273395 3.80939588785 1.37532328074 5.08460102302 5.09887891226 0.0251592758159 0.30191130979
65.3023879735 0.3561 0.31736508661 0.114727564605 3.80838103932 1.37673077526 5.08622529875 5.10053716008 0.0251056484668 0.301267781601
65.6576549937 0.3571 0.317186511426 0.114841734082 3.80623813711 1.37810080898 5.08784643954 5.10219289641 0.0250523366185 0.300628039421
66.0137920708 0.3581 0.317013849581 0.114948162851 3.80416619497 1.37937795421 5.08946476113 5.10384672673 0.0249993405784 0.299992086941
66.3707982793 0.3591 0.316759926459 0.115044910312 3.80111911751 1.38053892375 5.09108064541 5.10549916312 0.0249466601988 0.299359922386
66.7286726932 0.3601 0.316536405763 0.115133322121 3.79843686915 1.38159986545 5.09269421113 5.10715021258 0.0248942928745 0.298731514494
67.0874143852 0.3611 0.316323669981 0.115216679583 3.79588403978 1.382600155 5.09430522823 5.10879930563 0.0248422332262 0.298106798714
67.4470224273 0.3621 0.316077000195 0.115297498072 3.79292400234 1.38356997687 5.09591362827 5.11044612046 0.0247904771314 0.297485725577
67.8074958904 0.3631 0.316319945881 0.115377193226 3.79583935057 1.38452631872 5.09751916417 5.11209023984 0.0247390200489 0.296868240587
68.1688338448 0.3641 0.316917105182 0.115454166833 3.80300526218 1.385450002 5.09911661497 5.113725372 0.0246878291236 0.296253949484
68.5310353595 0.3651 0.31710187765 0.115528425423 3.8052225318 1.38634110508 5.10070808997 5.11535405188 0.0246369143283 0.29564297194
68.894099503 0.3661 0.317183301432 0.115599841018 3.80619961718 1.38719809222 5.10229478045 5.11697770971 0.0245862802362 0.295035362835
69.2580253427 0.3671 0.317174235787 0.11566893114 3.80609082944 1.38802717368 5.10387737097 5.11859718224 0.0245359285356 0.294431142427
69.6228119451 0.3681 0.317108501816 0.115735286652 3.80530202179 1.38882343983 5.10545632448 5.12021304092 0.0244858596333 0.2938303156
69.988458376 0.3691 0.316986801622 0.115796942381 3.80384161946 1.38956330857 5.10703206467 5.12182586519 0.0244360739736 0.293232887684
70.3549637004 0.3701 0.316887717555 0.115848970118 3.80265261066 1.39018764142 5.1086047547 5.12343594352 0.024386570615 0.29263884738
70.7223269821 0.3711 0.316729135435 0.115888464883 3.80074962521 1.3906615786 5.11017444364 5.12504334781 0.0243373475995 0.292048171194
71.0905472845 0.3721 0.316543429314 0.115914675606 3.79852115176 1.39097610727 5.11174139078 5.12664831253 0.0242884037607 0.291460845129
71.45962367 0.3731 0.316354109186 0.115930545451 3.79624931023 1.39116654541 5.11330579567 5.12825104093 0.0242397377988 0.290876853586
71.8295552002 0.3741 0.316135755013 0.115939330465 3.79362906015 1.39127196559 5.11486764539 5.12985138039 0.0241913467509 0.29029616101
72.2003409359 0.3751 0.315931026609 0.115943901619 3.79117231931 1.39132681943 5.11642699278 5.1314493243 0.0241432283714 0.289718740457
72.571979937 0.3761 0.316703670714 0.1159450887 3.80044404857 1.39134106439 5.11798048963 5.13304082368 0.024095361463 0.289144337556
72.9444712628 0.3771 0.316931837232 0.115942932834 3.80318204678 1.39131519401 5.11952749416 5.13462512363 0.024047740453 0.288572885435
73.3178139718 0.3781 0.317011405674 0.115937617569 3.80413686809 1.39125141083 5.12107000572 5.13620463741 0.0240003746259 0.288004495511
73.6920071217 0.3791 0.317052276976 0.115929289374 3.80462732372 1.39115147248 5.12260851307 5.13777993192 0.0239532645771 0.287439174926
74.0670497694 0.3801 0.316990825901 0.115918676743 3.80388991081 1.39102412092 5.12414341093 5.13935148879 0.0239064105026 0.286876926031
74.4429409712 0.3811 0.3169141345 0.115905883094 3.802969614 1.39087059713 5.1256750434 5.14091973328 0.0238598123379 0.286317748055
74.8196797825 0.3821 0.316893522128 0.115889801895 3.80272226553 1.39067762275 5.12720342425 5.14248472287 0.0238134683189 0.285761619826
75.197265258 0.3831 0.316833821717 0.115868398346 3.8020058606 1.39042078015 5.12872837765 5.1440462725 0.0237673755795 0.285208506955
75.5756964518 0.3841 0.316729352556 0.11584136703 3.80075223068 1.39009640436 5.13025029936 5.1456048125 0.0237215341194 0.284658409432
75.9549724172 0.3851 0.316586165163 0.115808172694 3.79903398195 1.38969807233 5.13176935058 5.1471604146 0.023675942291 0.284111307493
76.3350922069 0.3861 0.316424247964 0.115769783874 3.79709097557 1.38923740649 5.13328569521 5.14871324659 0.0236305989057 0.283567186868
76.7160548728 0.3871 0.316262000552 0.115727337144 3.79514400662 1.38872804573 5.13479935562 5.15026326533 0.0235855018218 0.283026021862
77.0978594662 0.3881 0.316481608839 0.115682117791 3.79777930607 1.3881854135 5.13631020748 5.15181032742 0.0235406484614 0.282487781537
77.4805050376 0.3891 0.316972251207 0.115633757119 3.80366701448 1.38760508543 5.1378143506 5.15334978664 0.0234960157419 0.281952188903
77.863990637 0.3901 0.317087818886 0.115583217485 3.80505382663 1.38699860982 5.13931341788 5.15488362737 0.0234516109506 0.281419331407
78.2483153138 0.3911 0.317149000399 0.115530668171 3.80578800479 1.38636801805 5.14080845934 5.156413119 0.023407438068 0.280889256817
78.6334781165 0.3921 0.317151117975 0.115476221714 3.80581341569 1.38571466057 5.14229986709 5.15793874569 0.0233634974859 0.280361969831
79.0194780931 0.3931 0.317084026092 0.115420561457 3.8050083131 1.38504673749 5.14378806142 5.15946103681 0.0233197897993 0.279837477591
79.4063142911 0.3941 0.316951614376 0.115364046408 3.80341937251 1.3843685569 5.14527333076 5.16098033447 0.0232763147564 0.279315777077
79.7939857573 0.3951 0.316996195527 0.115306039039 3.80395434632 1.38367246846 5.14675549495 5.16249645677 0.0232330697518 0.278796837022
80.1824915377 0.3961 0.316930138781 0.115245793757 3.80316166537 1.38294952509 5.14823433735 5.16400917282 0.0231900519852 0.278280623823
80.5718306781 0.3971 0.316849522295 0.115183715217 3.80219426754 1.3822045826 5.14971027175 5.16551895339 0.0231472618269 0.277767141923
80.9620022233 0.3981 0.316720343288 0.115119375372 3.80064411946 1.38143250446 5.15118339694 5.16702580256 0.0231046975599 0.277256370719
81.3530052179 0.3991 0.316603701617 0.11505300336 3.7992444194 1.38063604032 5.15265386313 5.16852985305 0.0230623580581 0.276748296697
81.7448387055 0.4001 0.316446002619 0.114985166007 3.79735203143 1.37982199208 5.15412171428 5.17003108488 0.0230202415277 0.276242898332
82.1375017296 0.4011 0.316540568133 0.114916157735 3.7984868176 1.37899389282 5.15558692144 5.171529428 0.0229783459701 0.275740151641
82.5309933328 0.4021 0.317057291415 0.114844951001 3.80468749698 1.37813941201 5.15704600737 5.17302075913 0.0229366514344 0.275239817213
82.9253125573 0.4031 0.317202168466 0.114772305408 3.80642602159 1.3772676649 5.15850025866 5.17450667784 0.0228951634607 0.274741961528
83.3204584449 0.4041 0.317224059058 0.114698658031 3.8066887087 1.37638389637 5.15995078542 5.17598855819 0.0228538865493 0.274246638591
83.7164300365 0.4051 0.317190422728 0.114623870532 3.80628507274 1.37548644638 5.16139805628 5.17746697521 0.0228128216446 0.273753859735
84.1132263728 0.4061 0.317153253356 0.114548123554 3.80583904027 1.37457748265 5.16284225699 5.1789421636 0.0227719681892 0.27326361827
84.510846494 0.4071 0.317042716977 0.114471799054 3.80451260373 1.37366158865 5.16428362758 5.18041441907 0.0227313259002 0.272775910802
84.9092894396 0.4081 0.317106246328 0.11439484706 3.80527495594 1.37273816472 5.16572218109 5.18188377442 0.0226908933483 0.272290720179
85.3085542487 0.4091 0.317103161374 0.114316117884 3.80523793649 1.37179341461 5.16715710276 5.18334928011 0.0226506648254 0.271807977905
85.70863996 0.4101 0.317053240745 0.114236242715 3.80463888895 1.37083491258 5.16858903751 5.18481172893 0.0226106422709 0.27132770725
86.1095456116 0.4111 0.316953273496 0.114155269395 3.80343928195 1.36986323274 5.17001819044 5.18627133054 0.0225708250726 0.270849900871
86.5112702412 0.4121 0.316840437437 0.114072995953 3.80208524924 1.36887595143 5.17144469603 5.18772812336 0.022531211882 0.270374542584
86.9138128861 0.4131 0.316714667172 0.113989951789 3.80057600606 1.36787942147 5.17286872043 5.18918227062 0.0224918019049 0.269901622858
87.3171725831 0.4141 0.316583731774 0.113906607194 3.79900478128 1.36687928633 5.17429028291 5.19063372898 0.0224525934619 0.269431121543
87.7213483684 0.4151 0.317027905964 0.113822677056 3.80433487156 1.36587212467 5.17570818433 5.19208104758 0.0224135788136 0.268962945764
88.126339278 0.4161 0.317251468922 0.113737460132 3.80701762706 1.36484952158 5.17712060175 5.19352208985 0.0223747473309 0.26849696797
88.5321443475 0.4171 0.317312546662 0.113651592827 3.80775055994 1.36381911392 5.17852917063 5.19495885373 0.0223361062483 0.26803327498
88.9387626118 0.4181 0.317311735008 0.113565022328 3.8077408201 1.36278026793 5.17993449765 5.19639210076 0.0222976574395 0.267571889275
89.3461931057 0.4191 0.317254057207 0.113477532846 3.80704868648 1.36173039415 5.18133688331 5.19782221086 0.0222594011309 0.267112813571
89.7544348635 0.4201 0.317178332668 0.113389319829 3.80613999202 1.36067183795 5.1827365488 5.19924947277 0.0222213371596 0.266656045915
90.1634869191 0.4211 0.317078528224 0.113300744344 3.80494233869 1.35960893212 5.18413366443 5.20067408837 0.0221834649954 0.266201579945
90.5733483059 0.4221 0.317224225537 0.113211267985 3.80669070644 1.35853521582 5.18552769038 5.20209542428 0.022145780559 0.265749366708
90.9840180572 0.4231 0.317226299881 0.113120331887 3.80671559857 1.35744398265 5.18691815642 5.20351293804 0.0221082801913 0.265299362295
91.3954952056 0.4241 0.317179069243 0.11302862305 3.80614883092 1.3563434766 5.18830583473 5.20492757679 0.0220709665804 0.264851598965
91.8077787837 0.4251 0.317092204876 0.112936259404 3.80510645851 1.35523511285 5.18969096514 5.20633961647 0.0220338395551 0.264406074662
92.2208678235 0.4261 0.316985057257 0.112842980006 3.80382068708 1.35411576007 5.19107359321 5.20774900021 0.0219968975417 0.2639627705
92.6347613568 0.4271 0.316855907556 0.112749177417 3.80227089067 1.352990129 5.19245382327 5.20915581147 0.0219601395722 0.263521674866
93.0494584149 0.4281 0.316708537641 0.112655515424 3.80050245169 1.35186618508 5.19383178683 5.21056017681 0.0219235648697 0.263082778436
93.464958029 0.4291 0.317130549229 0.112561647439 3.80556659075 1.35073976927 5.19520625206 5.2119605761 0.0218871657501 0.262645989001
93.8812592299 0.4301 0.317304584506 0.112466980364 3.80765501407 1.34960376436 5.19657590146 5.21335545777 0.0218509344585 0.262211213502
94.298361048 0.4311 0.317351127001 0.112371985801 3.80821352401 1.34846382961 5.19794204971 5.21474644638 0.0218148765884 0.261778519061
94.7162625134 0.4321 0.317337555296 0.112276578384 3.80805066355 1.34731894061 5.19930518586 5.21613416391 0.021778993506 0.261347922072
95.1349626561 0.4331 0.317252988026 0.112180487282 3.80703585631 1.34616584738 5.20066566415 5.21751905591 0.0217432858338 0.260919430006
95.5544605057 0.4341 0.317176257069 0.112083553497 3.80611508483 1.34500264197 5.20202364863 5.21890133714 0.0217077532316 0.26049303878
95.9747550916 0.4351 0.317073663963 0.111986078308 3.80488396756 1.34383293969 5.20337924371 5.22028112409 0.0216723949557 0.260068739468
96.3958454427 0.4361 0.317249337014 0.111887885814 3.80699204416 1.34265462976 5.20473205379 5.22165793814 0.0216372078038 0.259646493646
96.8177305879 0.4371 0.317293364329 0.111788275964 3.80752037195 1.34145931157 5.20608111696 5.22303066967 0.02160218599 0.25922623188
97.2404095558 0.4381 0.317277884199 0.111687949535 3.80733461039 1.34025539441 5.20742734552 5.22440042427 0.0215673329184 0.258807995021
97.6638813747 0.4391 0.317212626458 0.111587150259 3.8065515175 1.3390458031 5.20877097995 5.22576749605 0.0215326486257 0.258391783509
98.0881450726 0.4401 0.317125825794 0.111485828828 3.80550990953 1.33782994594 5.21011217556 5.22713204257 0.0214981325887 0.257977591065
98.5131996775 0.4411 0.317041812872 0.111383864046 3.80450175446 1.33660636855 5.2114510219 5.22849405216 0.0214637835952 0.257565403142
98.9390442169 0.4421 0.31691659416 0.111281778371 3.80299912992 1.33538134045 5.21278763661 5.22985366855 0.0214296010804 0.257155212965
99.3656777184 0.4431 0.317077908455 0.111179957298 3.80493490146 1.33415948758 5.21412182245 5.23121062519 0.0213955828076 0.256746993691
99.7930992091 0.4441 0.317303262204 0.111077689938 3.80763914645 1.33293227926 5.21545157177 5.23256250187 0.0213617177662 0.256340613194
100.221307716 0.4451 0.317367662199 0.110975324856 3.80841194639 1.33170389827 5.21677785623 5.23391046976 0.0213280096627 0.255936115953
100.650302266 0.4461 0.317351579989 0.110872984856 3.80821895987 1.33047581827 5.21810130832 5.23525532196 0.0212944606407 0.255533527688
101.080081886 0.4471 0.3172945016 0.110770507371 3.8075340192 1.32924608845 5.21942219409 5.23659739982 0.0212610709954 0.255132851945
101.510645603 0.4481 0.317204882184 0.110667591419 3.80645858621 1.32801109702 5.2207406993 5.23793694926 0.021227840635 0.25473408762
101.941992442 0.4491 0.317095091426 0.110564127286 3.80514109711 1.32676952743 5.22205697011 5.23927415926 0.0211947692396 0.254337230875
102.37412143 0.4501 0.316958886658 0.110460379868 3.8035066399 1.32552455841 5.22337113583 5.24060918542 0.0211618563587 0.253942276304
102.807031592 0.4511 0.317281943668 0.110355800407 3.80738332402 1.32426960488 5.22468195316 5.24194054997 0.0211290949629 0.253549139554
103.240721956 0.4521 0.317307895093 0.110250328895 3.80769474112 1.32300394674 5.22598933548 5.24326815289 0.0210964836185 0.253157803422
103.675191546 0.4531 0.317277920192 0.110144459902 3.8073350423 1.32173351882 5.22729408759 5.2445929872 0.0210640252937 0.252768303525
104.110439389 0.4541 0.317215387486 0.110038411487 3.80658464983 1.32046093784 5.22859647159 5.24591539221 0.0210317203164 0.252380643797
104.546464509 0.4551 0.317140224106 0.109932102115 3.80568268927 1.31918522538 5.22989661906 5.24723550185 0.0209995681918 0.251994818301
104.983265932 0.4561 0.317017590941 0.109825312638 3.80421109129 1.31790375166 5.23119458791 5.24855327672 0.0209675677376 0.251610812851
105.420842684 0.4571 0.316907193426 0.109718435337 3.80288632111 1.31662122404 5.23249046886 5.2498688221 0.0209357183589 0.251228620307
105.859193789 0.4581 0.317110344196 0.109611655089 3.80532413035 1.31533986107 5.23378389562 5.25118167202 0.0209040171924 0.250848206309
106.298318274 0.4591 0.317227750246 0.109504223547 3.80673300295 1.31405068257 5.23507341612 5.25249007463 0.0208724562865 0.250469475438
106.738215162 0.4601 0.317273621039 0.109396764733 3.80728345246 1.3127611768 5.23635994908 5.25379513544 0.0208410390821 0.250092468985
107.178883479 0.4611 0.317225704755 0.109289375879 3.80670845705 1.31147251054 5.23764390716 5.25509736625 0.0208097666462 0.249717199754
107.62032225 0.4621 0.31714686823 0.109181952018 3.80576241876 1.31018342422 5.23892552443 5.2563970627 0.0207786391855 0.249343670226
108.0625305 0.4631 0.31706444779 0.109074266708 3.80477337348 1.3088912005 5.24020495238 5.25769442664 0.0207476565366 0.24897187844
108.505507253 0.4641 0.316953054088 0.10896608203 3.80343664906 1.30759298436 5.24148231123 5.2589896097 0.0207168183413 0.248601820095
108.949251534 0.4651 0.316821320785 0.108857556189 3.80185584942 1.30629067427 5.24275772036 5.26028275574 0.0206861242144 0.248233490573
109.393762368 0.4661 0.317159985833 0.108748192755 3.80591983 1.30497831306 5.244030058 5.26157253197 0.0206555679784 0.247866815741
109.83903878 0.4671 0.317253442622 0.108637684554 3.80704131146 1.30365221464 5.24529880159 5.26285832879 0.0206251463336 0.247501756003
110.285079795 0.4681 0.317261390146 0.108526490845 3.80713668176 1.30231789015 5.24656482422 5.26414119776 0.0205948625035 0.247138350042
110.731884436 0.4691 0.317214435879 0.108414803109 3.80657323055 1.30097763731 5.24782841808 5.26542151318 0.0205647170459 0.246776604551
111.179451729 0.4701 0.317141870592 0.108302681884 3.8057024471 1.29963218261 5.24908982315 5.26669957056 0.0205347102091 0.246416522509
111.627780698 0.4711 0.317053075815 0.108190020359 3.80463690978 1.2982802443 5.2503491802 5.26797550022 0.020504841598 0.246058099176
112.076870368 0.4721 0.316943983234 0.108076831504 3.80332779881 1.29692197804 5.25160651156 5.26924924949 0.0204751101108 0.24570132133
112.526719764 0.4731 0.316929820418 0.107963723747 3.80315784502 1.29556468496 5.25286186824 5.27052089504 0.0204455151564 0.245346181877
112.97732791 0.4741 0.317141853398 0.107852071752 3.80570224078 1.29422486102 5.25411386025 5.27178874753 0.0204160493097 0.244992591717
113.428693831 0.4751 0.317164962564 0.107741805177 3.80597955077 1.29290166212 5.25536295084 5.27305332508 0.0203867137316 0.244640564779
113.880816552 0.4761 0.317113806835 0.107632634113 3.80536568201 1.29159160936 5.25660965105 5.27431526078 0.0203575100202 0.244290120242
114.333695098 0.4771 0.31703954927 0.107524419544 3.80447459124 1.29029303453 5.25785422993 5.27557491417 0.0203284387101 0.243941264521
114.787328493 0.4781 0.316939514888 0.107416973738 3.80327417866 1.28900368486 5.25909679974 5.27683244417 0.0202994995624 0.243593994748
115.241715763 0.4791 0.316821522934 0.107309961845 3.80185827521 1.28771954214 5.26033748619 5.27808799827 0.0202706922969 0.243248307563
115.696855932 0.4801 0.316678044908 0.107202971227 3.8001365389 1.28643565472 5.26157636831 5.27934165764 0.0202420163826 0.242904196591
116.152748025 0.4811 0.316794422738 0.10709628643 3.80153307286 1.28515543716 5.26281339082 5.28059336953 0.0202134707807 0.242561649369
116.609391068 0.4821 0.317022738075 0.106992634207 3.8042728569 1.28391161049 5.26404652781 5.28184074787 0.0201850455437 0.242220546524
117.066784085 0.4831 0.317101691348 0.106890976674 3.80522029617 1.28269172009 5.26527665798 5.2830848424 0.0201567438992 0.24188092679
117.524926103 0.4841 0.317112991873 0.106790845802 3.80535590247 1.28149014963 5.26650427142 5.28432623179 0.0201285672609 0.241542807131
117.983816145 0.4851 0.31706199168 0.106692031953 3.80474390016 1.28030438343 5.26772961408 5.2855652163 0.0201005159756 0.241206191707
118.443453239 0.4861 0.317015226923 0.106594316798 3.80418272307 1.27913180158 5.26895287102 5.28680201682 0.0200725900879 0.240871081055
118.903836409 0.4871 0.316935257214 0.106497330901 3.80322308656 1.27796797082 5.27017409842 5.28803668147 0.0200447889887 0.240537467864
119.364964682 0.4881 0.316838808542 0.106400944614 3.80206570251 1.27681133537 5.271393396 5.2892692664 0.0200171121042 0.240205345251
119.826837082 0.4891 0.316837684261 0.106305292734 3.80205221114 1.27566351281 5.27261076653 5.29049978664 0.0199895587107 0.239874704528
120.289452636 0.4901 0.31686436294 0.106207838063 3.80237235528 1.27449405675 5.2738254777 5.29172734566 0.0199621246513 0.239545495815
120.752810371 0.4911 0.316818358482 0.106109862278 3.80182030178 1.27331834734 5.27503793037 5.29295238702 0.0199348108445 0.239217730133
121.216909311 0.4921 0.31674952163 0.106011837194 3.80099425955 1.27214204633 5.2762483426 5.29417518371 0.0199076175626 0.238891410751
121.681748485 0.4931 0.316672457236 0.105913904707 3.80006948683 1.27096685648 5.27745682037 5.29539588884 0.0198805446275 0.23856653553
122.147326917 0.4941 0.316531851222 0.105816107827 3.79838221466 1.26979329393 5.27866349614 5.2966146791 0.0198535919518 0.238243103422
122.613643636 0.4951 0.316377461983 0.105718381542 3.7965295438 1.2686205785 5.27986853055 5.29783175681 0.019826759546 0.237921114552
123.080697667 0.4961 0.316240609755 0.105620439316 3.79488731706 1.26744527179 5.28107197422 5.29904717264 0.0198000468549 0.237600562259
123.548488038 0.4971 0.316235262923 0.10552208341 3.79482315508 1.26626500092 5.28227380753 5.30026091391 0.0197734530919 0.237281437103
124.017013777 0.4981 0.316407841963 0.105418616968 3.79689410356 1.26502340362 5.28347249303 5.30147117474 0.0197469707973 0.236963649568
124.48627391 0.4991 0.316424527447 0.105311740628 3.79709432936 1.26374088754 5.28466862647 5.30267865744 0.0197206018871 0.236647222645
124.956267465 0.5001 0.316374840527 0.105202429808 3.79649808632 1.26242915769 5.28586264242 5.30388387773 0.0196943475737 0.236332170884
125.42699347 0.5011 0.316278791351 0.105091054847 3.79534549621 1.26109265816 5.28705479061 5.30508714603 0.019668208302 0.236018499624
125.898450953 0.5021 0.316150994805 0.104977978576 3.79381193766 1.25973574291 5.28824524463 5.30628869387 0.0196421842235 0.235706210682
126.370638943 0.5031 0.316043287154 0.104863336755 3.79251944585 1.25836004106 5.28943404025 5.30748856385 0.0196162747914 0.235395297496
126.843556467 0.5041 0.315908887203 0.104747147027 3.79090664644 1.25696576432 5.29062120891 5.3086867327 0.0195904792206 0.235085750647
127.317202554 0.5051 0.31575813161 0.104629551773 3.78909757932 1.25555462127 5.29180677539 5.30988319115 0.0195647967835 0.234777561402
127.791576234 0.5061 0.315915329535 0.104495746121 3.79098395442 1.25394895345 5.29299001887 5.31107709679 0.0195392236932 0.234470684319
128.266676535 0.5071 0.315897725063 0.104343961214 3.79077270076 1.25212753457 5.2941708589 5.31226832488 0.0195137588233 0.23416510588
128.742502487 0.5081 0.315848348724 0.104181574257 3.79018018469 1.25017889109 5.2953496758 5.31345731285 0.0194884031173 0.233860837408
129.219053119 0.5091 0.315738017703 0.104011110856 3.78885621244 1.24813333027 5.29652666047 5.31464430593 0.0194631568102 0.233557881723
129.696327462 0.5101 0.315637228645 0.103833586181 3.78764674374 1.24600303417 5.29770192519 5.31582945456 0.0194380197901 0.233256237481
130.174324545 0.5111 0.315500704561 0.103649333512 3.78600845474 1.24379200215 5.29887556636 5.31701287873 0.0194129918358 0.232955902029
130.653043399 0.5121 0.315366868575 0.103458559853 3.7844024229 1.24150271824 5.30004767726 5.31819470356 0.0193880727471 0.232656872966
131.132483055 0.5131 0.315194739512 0.10326132831 3.78233687415 1.23913593972 5.30121833736 5.31937502969 0.0193632622374 0.232359146849
131.612642544 0.5141 0.315807378702 0.10303418792 3.78968854442 1.23641025504 5.30238631248 5.32055240952 0.0193385543952 0.232062652742
132.093520896 0.5151 0.316096747818 0.102738058463 3.79316097382 1.23285670156 5.30354955286 5.32172442867 0.0193139398369 0.231767278042
132.575117144 0.5161 0.316263196125 0.102401624575 3.7951583535 1.22881949491 5.30470971247 5.32289303599 0.0192894250475 0.23147310057
133.057430319 0.5171 0.316331905446 0.102033277671 3.79598286535 1.22439933205 5.30586728883 5.32405882029 0.0192650115533 0.23118013864
133.540459453 0.5181 0.316359390124 0.101637438025 3.79631268149 1.2196492563 5.30702254373 5.32522209833 0.0192406998896 0.230888398676
134.024203579 0.5191 0.316338531936 0.101217156578 3.79606238324 1.21460587894 5.30817569947 5.32638314691 0.0192164904454 0.230597885345
134.50866173 0.5201 0.316304274219 0.10077433166 3.79565129062 1.20929197992 5.30932691666 5.32754215804 0.0191923833029 0.230308599634
134.993832939 0.5211 0.316249209033 0.100310252152 3.7949905084 1.20372302583 5.31047626323 5.32869915559 0.0191683779401 0.230020535281
135.479716239 0.5221 0.316374078049 0.0998318756627 3.79648893659 1.19798250795 5.31162372394 5.32985407005 0.0191444735038 0.229733682045
135.966310664 0.5231 0.316876415037 0.099685359308 3.80251698045 1.1962243117 5.31276709008 5.33100432529 0.0191206601563 0.229447921876
136.453615248 0.5241 0.317114718803 0.0997870042281 3.80537662564 1.19744405074 5.31390696965 5.33215061436 0.0190969398268 0.229163277921
136.941629025 0.5251 0.31720877243 0.100042521275 3.80650526916 1.2005102553 5.3150440437 5.33329372297 0.0190733147652 0.228879777183
137.430351031 0.5261 0.317289320978 0.100409780447 3.80747185174 1.20491736537 5.31617866154 5.33443406842 0.0190497858944 0.228597430732
137.9197803 0.5271 0.317316133513 0.100870270643 3.80779360215 1.21044324771 5.31731100302 5.33557187914 0.0190263534587 0.228316241504
138.409915868 0.5281 0.317338150535 0.101415193888 3.80805780642 1.21698232666 5.31844118074 5.33670730147 0.0190030174101 0.228036208921
138.90075677 0.5291 0.317324504714 0.102036835552 3.80789405657 1.22444202663 5.31956927215 5.33784043332 0.0189797775297 0.227757330356
139.392302044 0.5301 0.317309460748 0.102727321066 3.80771352898 1.2327278528 5.32069541393 5.33897144003 0.01895663384 0.22747960608
139.884550725 0.5311 0.319669745195 0.103891736851 3.83603694234 1.24670084221 5.32181688069 5.34009712939 0.0189335744602 0.227202893523
140.37750185 0.5321 0.321633049152 0.106853267638 3.85959658983 1.28223921166 5.3229242555 5.34120645549 0.0189105597721 0.226926717266
140.871154458 0.5331 0.322952304704 0.110719264208 3.87542765645 1.3286311705 5.32402319045 5.34230604401 0.0188876128607 0.226651354328
141.365507585 0.5341 0.323944137703 0.115171557679 3.88732965244 1.38205869215 5.32511564105 5.34339818242 0.0188647413645 0.226376896374
