x  f 
mm   
0.0000 65918.954510 
0.0295 0.202576 
0.0610 0.089912 
0.0926 0.059719 
0.1241 0.045992 
0.1535 0.039283 
0.1851 0.033903 
0.2166 0.030015 
0.2461 0.028675 
0.2776 0.028172 
0.3092 0.027451 
0.3407 0.026530 
0.3701 0.025508 
0.4017 0.023349 
0.4332 0.022500 
0.4647 0.022073 
0.4942 0.022162 
0.5257 0.023487 
0.5572 0.024647 
0.5888 0.025918 
0.6182 0.027038 
0.6497 0.027379 
0.6812 0.027720 
0.7127 0.028131 
0.7422 0.028535 
0.7737 0.029515 
0.8052 0.030702 
0.8346 0.031603 
0.8661 0.032293 
0.8976 0.032860 
0.9291 0.033232 
0.9586 0.034257 
0.9901 0.036304 
1.0216 0.038114 
1.0531 0.040181 
1.0825 0.042513 
1.1140 0.043869 
1.1455 0.045863 
1.1749 0.048143 
1.2064 0.050011 
1.2379 0.052266 
1.2694 0.054060 
1.2987 0.055840 
1.3302 0.057882 
1.3617 0.059905 
1.3911 0.062089 
1.4226 0.064797 
1.4541 0.067534 
1.4856 0.070574 
1.5150 0.074398 
1.5464 0.078828 
1.5779 0.083218 
1.6073 0.087827 
1.6388 0.091663 
1.6702 0.094443 
1.6996 0.097710 
1.7311 0.100214 
1.7626 0.102905 
1.7940 0.106015 
1.8234 0.108464 
1.8549 0.110676 
1.8863 0.113288 
1.9157 0.116216 
1.9471 0.119239 
1.9786 0.123122 
2.0101 0.126771 
2.0394 0.130249 
2.0709 0.133630 
2.1023 0.137409 
2.1317 0.141727 
2.1631 0.146003 
2.1946 0.150373 
2.2239 0.154620 
2.2554 0.158395 
2.2868 0.162618 
2.3183 0.166700 
2.3476 0.170781 
2.3791 0.174849 
2.4105 0.178517 
2.4398 0.182636 
2.4713 0.186899 
2.5027 0.191097 
2.5320 0.195365 
2.5635 0.199476 
2.5949 0.203308 
2.6242 0.207264 
2.6557 0.210972 
2.6871 0.214688 
2.7164 0.218712 
2.7478 0.222047 
2.7793 0.225315 
2.8107 0.227693 
2.8400 0.230658 
2.8714 0.233647 
2.9028 0.236988 
2.9321 0.241267 
2.9636 0.244552 
2.9950 0.248282 
3.0243 0.252090 
3.0557 0.255715 
3.0871 0.259945 
3.1164 0.264372 
3.1478 0.268389 
3.1792 0.272144 
3.2085 0.275981 
3.2399 0.279257 
3.2713 0.282799 
3.3006 0.286410 
3.3320 0.289853 
3.3634 0.293101 
3.3927 0.296222 
3.4241 0.299118 
3.4555 0.302078 
3.4848 0.305209 
3.5161 0.308091 
3.5475 0.310917 
3.5768 0.313797 
3.6082 0.316576 
3.6396 0.319368 
3.6689 0.322340 
3.7002 0.324956 
3.7316 0.327421 
3.7609 0.330167 
3.7923 0.333054 
3.8236 0.335724 
3.8529 0.338786 
3.8843 0.341521 
3.9156 0.344219 
3.9449 0.347010 
3.9763 0.349406 
4.0076 0.352097 
4.0369 0.354497 
4.0683 0.356987 
4.0996 0.359075 
4.1289 0.361231 
4.1602 0.363202 
4.1916 0.365248 
4.2209 0.367712 
4.2522 0.369811 
4.2815 0.371919 
4.3128 0.373609 
4.3441 0.375082 
4.3734 0.376805 
4.4047 0.378377 
4.4361 0.379986 
4.4653 0.381682 
4.4967 0.383122 
4.5280 0.384593 
4.5573 0.386165 
4.5886 0.387548 
4.6199 0.388846 
4.6492 0.390379 
4.6805 0.391687 
4.7118 0.393116 
4.7410 0.394484 
4.7724 0.395698 
4.8016 0.396973 
4.8329 0.398122 
4.8642 0.399226 
4.8935 0.400531 
4.9248 0.401512 
4.9561 0.402415 
4.9853 0.403416 
5.0166 0.404012 
5.0480 0.404631 
5.0772 0.405578 
5.1085 0.406242 
5.1377 0.407194 
5.1690 0.407849 
5.2003 0.408317 
5.2295 0.408872 
5.2608 0.409081 
5.2921 0.409499 
5.3213 0.410158 
5.3526 0.410770 
5.3818 0.411546 
5.4131 0.412115 
5.4444 0.412491 
5.4736 0.412976 
5.5049 0.413235 
5.5362 0.413383 
5.5654 0.413563 
5.5967 0.413692 
5.6259 0.413864 
5.6572 0.413917 
5.6884 0.414004 
5.7176 0.414252 
5.7489 0.414045 
5.7802 0.413814 
5.8094 0.413710 
5.8407 0.413313 
5.8698 0.413192 
5.9011 0.412957 
5.9324 0.412630 
5.9616 0.412258 
5.9928 0.411869 
6.0241 0.411352 
6.0533 0.410830 
6.0845 0.410190 
6.1137 0.409504 
6.1450 0.408563 
6.1762 0.407740 
6.2054 0.407166 
6.2366 0.406745 
6.2658 0.406278 
6.2971 0.405724 
6.3283 0.404812 
6.3575 0.403787 
6.3887 0.402711 
6.4179 0.401637 
6.4491 0.400569 
6.4804 0.399401 
6.5095 0.398456 
6.5408 0.397189 
6.5720 0.395893 
6.6011 0.394692 
6.6324 0.393316 
6.6615 0.392070 
6.6928 0.390648 
6.7219 0.389399 
6.7531 0.387929 
6.7844 0.386509 
6.8135 0.385083 
6.8447 0.383533 
6.8760 0.381770 
6.9051 0.380263 
6.9363 0.378464 
6.9654 0.376758 
6.9967 0.375131 
7.0279 0.373214 
7.0570 0.371522 
7.0882 0.369672 
7.1174 0.367883 
7.1486 0.365868 
7.1798 0.363909 
7.2089 0.362060 
7.2401 0.359983 
7.2692 0.358060 
7.3004 0.356000 
7.3295 0.353997 
7.3607 0.351940 
7.3919 0.349799 
7.4211 0.347934 
7.4523 0.345687 
7.4814 0.343448 
7.5126 0.341161 
7.5437 0.338660 
7.5729 0.336344 
7.6040 0.334063 
7.6331 0.331688 
7.6643 0.329300 
7.6934 0.326926 
7.7246 0.324443 
7.7558 0.321960 
7.7849 0.319499 
7.8161 0.316967 
7.8452 0.314384 
7.8763 0.311661 
7.9075 0.308971 
7.9366 0.306293 
7.9678 0.303523 
7.9969 0.300934 
8.0280 0.298196 
8.0571 0.295625 
8.0883 0.292994 
8.1195 0.290486 
8.1485 0.287885 
8.1797 0.285308 
8.2088 0.282726 
8.2399 0.280060 
8.2690 0.277656 
8.3002 0.275049 
8.3292 0.272557 
8.3604 0.269800 
8.3915 0.266799 
8.4206 0.263872 
8.4518 0.260646 
8.4808 0.257738 
8.5120 0.254750 
8.5410 0.252025 
8.5722 0.249252 
8.6012 0.246532 
8.6324 0.243903 
8.6635 0.240898 
8.6926 0.238277 
8.7237 0.235357 
8.7528 0.232601 
8.7839 0.229853 
8.8129 0.227246 
8.8441 0.224587 
8.8731 0.222140 
8.9043 0.219618 
8.9333 0.216992 
8.9644 0.214463 
8.9955 0.211734 
9.0246 0.209307 
9.0557 0.206717 
9.0847 0.204312 
9.1159 0.201849 
9.1449 0.199343 
9.1760 0.196988 
9.2050 0.194571 
9.2362 0.192247 
9.2673 0.189955 
9.2963 0.187568 
9.3274 0.185145 
9.3564 0.182607 
9.3875 0.180131 
9.4166 0.177755 
9.4477 0.175364 
9.4767 0.173058 
9.5078 0.170575 
9.5368 0.168306 
9.5679 0.165938 
9.5969 0.163852 
9.6280 0.161914 
9.6591 0.159863 
9.6881 0.158024 
9.7192 0.155969 
9.7482 0.154060 
9.7793 0.152082 
9.8083 0.150232 
9.8394 0.148305 
9.8684 0.146394 
9.8995 0.144589 
9.9285 0.142640 
9.9595 0.140873 
9.9885 0.139063 
10.0196 0.137219 
10.0486 0.135440 
10.0797 0.133634 
10.1087 0.131847 
10.1397 0.130188 
10.1708 0.128627 
10.1998 0.127147 
10.2309 0.125681 
10.2598 0.124134 
10.2909 0.122652 
10.3199 0.121066 
10.3509 0.119643 
10.3799 0.118274 
10.4110 0.116826 
10.4400 0.115533 
10.4710 0.114032 
10.5000 0.112664 
10.5310 0.111389 
10.5600 0.110111 
10.5910 0.108981 
10.6200 0.107759 
10.6511 0.106507 
10.6821 0.105326 
10.7111 0.104136 
10.7421 0.103020 
10.7711 0.101961 
10.8000 0.100931 
10.8311 0.099809 
10.8600 0.098776 
10.8911 0.097799 
10.9200 0.096926 
10.9510 0.096137 
10.9800 0.095327 
11.0110 0.094410 
11.0421 0.093480 
11.0710 0.092650 
11.1000 0.091822 
11.1310 0.091078 
11.1620 0.090231 
11.1909 0.089424 
11.2199 0.088698 
11.2509 0.087900 
11.2819 0.087257 
11.3108 0.086589 
11.3419 0.085859 
11.3708 0.085201 
11.4018 0.084590 
11.4307 0.083986 
11.4617 0.083443 
11.4907 0.082973 
11.5217 0.082414 
11.5506 0.081975 
11.5816 0.081400 
11.6105 0.080854 
11.6415 0.080303 
11.6704 0.079737 
11.7014 0.079277 
11.7304 0.078754 
11.7614 0.078297 
11.7903 0.077874 
11.8213 0.077443 
11.8502 0.077084 
11.8812 0.076651 
11.9101 0.076201 
11.9411 0.075821 
11.9700 0.075448 
12.0009 0.075077 
12.0299 0.074749 
12.0608 0.074425 
12.0897 0.074178 
12.1207 0.073851 
12.1496 0.073547 
12.1806 0.073196 
12.2095 0.072787 
12.2404 0.072512 
12.2693 0.072098 
12.3003 0.071673 
12.3292 0.071317 
12.3581 0.070920 
12.3891 0.070767 
12.4200 0.070494 
12.4489 0.070181 
12.4778 0.069929 
12.5087 0.069449 
12.5376 0.069137 
12.5686 0.068866 
12.5975 0.068469 
12.6284 0.068130 
12.6573 0.067696 
12.6882 0.067225 
12.7171 0.066832 
12.7481 0.066447 
12.7769 0.066044 
12.8079 0.065663 
12.8367 0.065283 
12.8656 0.064903 
12.8966 0.064549 
12.9275 0.064201 
12.9564 0.063876 
12.9852 0.063437 
13.0161 0.063030 
13.0450 0.062622 
13.0759 0.062113 
13.1048 0.061790 
13.1357 0.061409 
13.1646 0.060877 
13.1934 0.060462 
13.2244 0.059879 
13.2553 0.059337 
13.2841 0.058890 
13.3150 0.058369 
13.3439 0.057987 
13.3727 0.057549 
13.4016 0.057068 
13.4325 0.056619 
13.4634 0.056042 
13.4923 0.055594 
13.5211 0.055151 
13.5520 0.054682 
13.5829 0.054242 
13.6117 0.053700 
13.6426 0.053301 
13.6715 0.052844 
13.7003 0.052379 
13.7312 0.052023 
13.7600 0.051527 
13.7909 0.050990 
13.8198 0.050558 
13.8506 0.050046 
13.8774 0.049564 
13.9083 0.049136 
13.9392 0.048617 
13.9701 0.048013 
13.9989 0.047485 
14.0277 0.046925 
14.0586 0.046331 
14.0853 0.045743 
14.1162 0.045097 
14.1450 0.044429 
14.1780 0.043815 
14.2068 0.043314 
14.2335 0.042727 
14.2665 0.042224 
14.2953 0.041694 
14.3261 0.041030 
14.3529 0.040484 
14.3837 0.039940 
14.4126 0.039324 
14.4434 0.038818 
14.4722 0.038323 
14.5010 0.037673 
14.5319 0.037019 
14.5627 0.036314 
14.5936 0.035596 
14.6203 0.034946 
14.6491 0.034345 
14.6800 0.033798 
14.7108 0.033204 
14.7396 0.032604 
14.7684 0.031962 
14.7992 0.031313 
14.8280 0.030637 
14.8568 0.029895 
14.8876 0.029259 
14.9164 0.028588 
14.9472 0.027864 
14.9760 0.027198 
15.0048 0.026516 
15.0521 0.025800 
15.0952 0.025087 
15.1261 0.024436 
15.1569 0.023773 
15.1980 0.023080 
15.2144 0.022570 
15.2576 0.021967 
15.3048 0.021348 
15.3315 0.020790 
15.3603 0.020219 
15.3788 0.019733 
15.4096 0.019256 
15.4384 0.018730 
15.4651 0.018185 
15.4938 0.017666 
15.5390 0.017060 
15.5863 0.016594 
15.6130 0.016124 
15.6561 0.015546 
15.7012 0.015093 
15.7464 0.014563 
15.7936 0.014077 
15.8347 0.013664 
15.8655 0.013251 
15.9127 0.012837 
15.9414 0.012427 
15.9825 0.011960 
16.0297 0.011507 
16.0564 0.011049 
16.0892 0.010601 
16.1302 0.010188 
16.1467 0.009793 
16.1898 0.009438 
16.2369 0.009050 
16.2636 0.008709 
16.2923 0.008385 
16.3252 0.008031 
16.3559 0.007703 
16.3826 0.007445 
16.4134 0.007124 
16.4400 0.006868 
16.4728 0.006588 
16.4995 0.006286 
16.5303 0.006008 
16.5631 0.005703 
16.6020 0.005438 
16.6471 0.005122 
16.6902 0.004832 
16.7189 0.004604 
16.7496 0.004369 
16.7947 0.004168 
16.8275 0.003930 
16.8542 0.003693 
16.8829 0.003496 
16.9116 0.003233 
16.9423 0.003056 
16.9874 0.002833 
17.0038 0.002608 
17.0448 0.002515 
17.0919 0.002398 
17.1226 0.002220 
17.1636 0.002122 
17.2107 0.001963 
17.2374 0.001748 
17.2804 0.001587 
17.2988 0.001454 
17.3275 0.001380 
17.3541 0.001378 
17.3992 0.001389 
17.4422 0.001374 
17.4729 0.001323 
17.5036 0.001279 
17.5302 0.001262 
17.5609 0.001198 
17.5896 0.001167 
17.6346 0.001148 
17.6756 0.001141 
17.6919 0.001155 
17.7370 0.001202 
17.7656 0.001216 
17.7963 0.001297 
17.8250 0.001344 
