x  f 
mm   
0.0000 44222.745033 
0.0144 0.580689 
0.0366 0.321580 
0.0510 0.295505 
0.0655 0.275686 
0.0799 0.259085 
0.0876 0.265977 
0.1020 0.249647 
0.1165 0.234451 
0.1386 0.210281 
0.1530 0.206556 
0.1675 0.204805 
0.1896 0.197937 
0.2040 0.200424 
0.2185 0.204994 
0.2329 0.208861 
0.2550 0.208799 
0.2695 0.215048 
0.2839 0.222568 
0.3060 0.224090 
0.3205 0.230506 
0.3349 0.236826 
0.3493 0.240473 
0.3714 0.237365 
0.3859 0.239224 
0.4080 0.237414 
0.4224 0.241095 
0.4369 0.246376 
0.4513 0.251127 
0.4734 0.249749 
0.4878 0.252176 
0.5023 0.253838 
0.5167 0.254326 
0.5388 0.251063 
0.5532 0.250697 
0.5677 0.251042 
0.5821 0.251898 
0.6042 0.250092 
0.6186 0.253117 
0.6408 0.251152 
0.6552 0.252681 
0.6696 0.253720 
0.6840 0.253235 
0.7061 0.252473 
0.7206 0.254358 
0.7350 0.257560 
0.7494 0.261667 
0.7715 0.262604 
0.7859 0.266847 
0.8004 0.270220 
0.8225 0.271567 
0.8369 0.274603 
0.8513 0.276517 
0.8657 0.278322 
0.8878 0.276703 
0.9023 0.277143 
0.9167 0.277827 
0.9388 0.276350 
0.9532 0.277617 
0.9676 0.279651 
0.9820 0.281775 
0.9965 0.283616 
1.0186 0.282366 
1.0330 0.283388 
1.0474 0.284884 
1.0695 0.284597 
1.0839 0.286495 
1.0983 0.288149 
1.1204 0.287082 
1.1348 0.288194 
1.1493 0.289548 
1.1637 0.290454 
1.1781 0.291424 
1.2002 0.290565 
1.2146 0.292301 
1.2290 0.293343 
1.2511 0.291901 
1.2655 0.291952 
1.2799 0.290870 
1.2943 0.289854 
1.3087 0.289747 
1.3308 0.286812 
1.3452 0.285839 
1.3597 0.285341 
1.3817 0.282908 
1.3962 0.283058 
1.4106 0.283404 
1.4250 0.282961 
1.4394 0.282133 
1.4471 0.282259 
1.4615 0.281747 
1.4759 0.281462 
1.4903 0.281316 
1.5124 0.280310 
1.5268 0.280482 
1.5412 0.280875 
1.5556 0.280932 
1.5700 0.280453 
1.5921 0.278142 
1.6065 0.276984 
1.6209 0.275658 
1.6353 0.274235 
1.6574 0.271747 
1.6718 0.270977 
1.6862 0.270616 
1.7006 0.271527 
1.7226 0.270287 
1.7370 0.270601 
1.7514 0.270560 
1.7658 0.269684 
1.7879 0.268218 
1.8023 0.267222 
1.8167 0.266450 
1.8311 0.265407 
1.8455 0.264247 
1.8676 0.261444 
1.8820 0.260489 
1.8964 0.259983 
1.9185 0.258891 
1.9329 0.259700 
1.9473 0.259750 
1.9616 0.259425 
1.9760 0.259180 
1.9981 0.258035 
2.0125 0.258146 
2.0269 0.258003 
2.0413 0.257150 
2.0634 0.254628 
2.0778 0.252687 
2.0922 0.250864 
2.1065 0.249379 
2.1286 0.246808 
2.1430 0.245188 
2.1574 0.243516 
2.1718 0.241623 
2.1862 0.239788 
2.2006 0.238242 
2.2082 0.237570 
2.2226 0.236273 
2.2370 0.235259 
2.2514 0.234307 
2.2658 0.233173 
2.2879 0.231502 
2.3022 0.229982 
2.3166 0.227876 
2.3310 0.226119 
2.3531 0.222525 
2.3675 0.220695 
2.3819 0.218797 
2.3962 0.216278 
2.4106 0.214437 
2.4327 0.211465 
2.4471 0.209987 
2.4615 0.208866 
2.4758 0.208052 
2.4979 0.206580 
2.5123 0.205958 
2.5267 0.205071 
2.5410 0.203945 
2.5554 0.202505 
2.5698 0.200805 
2.5919 0.198340 
2.6062 0.196628 
2.6206 0.195496 
2.6350 0.194276 
2.6494 0.193310 
2.6714 0.191933 
2.6858 0.190814 
2.7002 0.189740 
2.7146 0.189085 
2.7289 0.188361 
2.7433 0.187679 
2.7654 0.186661 
2.7797 0.185321 
2.7941 0.183967 
2.8085 0.182520 
2.8305 0.180352 
2.8449 0.179018 
2.8593 0.177607 
2.8737 0.176248 
2.8880 0.174883 
2.9024 0.173649 
2.9245 0.172270 
2.9388 0.171203 
2.9532 0.170754 
2.9676 0.170233 
2.9896 0.168660 
3.0040 0.167646 
3.0184 0.166224 
3.0327 0.164929 
3.0471 0.164438 
3.0615 0.164000 
3.0759 0.163458 
3.0979 0.162207 
3.1123 0.161074 
3.1266 0.159808 
3.1410 0.158529 
3.1554 0.157862 
3.1774 0.156381 
3.1918 0.155307 
3.2061 0.154307 
3.2205 0.152993 
3.2349 0.152387 
3.2492 0.151587 
3.2713 0.150214 
3.2856 0.149108 
3.3000 0.147711 
3.3144 0.146127 
3.3287 0.145144 
3.3431 0.144233 
3.3651 0.142883 
3.3795 0.142257 
3.3939 0.141185 
3.4082 0.139990 
3.4226 0.139378 
3.4369 0.139030 
3.4590 0.138534 
3.4733 0.138343 
3.4877 0.137189 
3.5021 0.135753 
3.5164 0.134093 
3.5308 0.132578 
3.5384 0.131578 
3.5528 0.130453 
3.5672 0.129416 
3.5815 0.128204 
3.5959 0.127015 
3.6102 0.126056 
3.6322 0.124994 
3.6466 0.124139 
3.6610 0.123409 
3.6753 0.122478 
3.6897 0.121445 
3.7040 0.120550 
3.7184 0.119691 
3.7404 0.118506 
3.7548 0.117199 
3.7691 0.115955 
3.7835 0.114243 
3.7978 0.113042 
3.8122 0.112273 
3.8265 0.111539 
3.8486 0.110926 
3.8629 0.110302 
3.8773 0.109487 
3.8916 0.108683 
3.9060 0.107901 
3.9203 0.107003 
3.9347 0.106679 
3.9567 0.106001 
3.9710 0.105491 
3.9854 0.105217 
3.9997 0.104490 
4.0141 0.103490 
4.0284 0.102417 
4.0504 0.100907 
4.0648 0.099559 
4.0791 0.098458 
4.0935 0.097554 
4.1078 0.097154 
4.1222 0.096919 
4.1365 0.096728 
4.1585 0.096174 
4.1729 0.095520 
4.1872 0.094550 
4.2016 0.093677 
4.2159 0.092836 
4.2303 0.091959 
4.2446 0.091277 
4.2589 0.090589 
4.2733 0.090171 
4.2953 0.089544 
4.3096 0.088904 
4.3240 0.088116 
4.3383 0.087100 
4.3527 0.086137 
4.3670 0.085122 
4.3890 0.084407 
4.4033 0.083996 
4.4177 0.083720 
4.4320 0.083738 
4.4464 0.083496 
4.4607 0.083137 
4.4750 0.082313 
4.4894 0.081455 
4.5114 0.080586 
4.5257 0.079698 
4.5400 0.079218 
4.5544 0.078824 
4.5687 0.077988 
4.5831 0.077178 
4.5974 0.076164 
4.6117 0.074981 
4.6261 0.074132 
4.6481 0.073580 
4.6624 0.073284 
4.6767 0.072808 
4.6911 0.072241 
4.7054 0.071540 
4.7197 0.070901 
4.7341 0.070469 
4.7484 0.070098 
4.7704 0.069627 
4.7847 0.069074 
4.7990 0.068665 
4.8134 0.068369 
4.8277 0.067949 
4.8420 0.067517 
4.8564 0.067199 
4.8707 0.066595 
4.8850 0.065867 
4.8994 0.065314 
4.9213 0.064449 
4.9357 0.063891 
4.9500 0.063661 
4.9643 0.063357 
4.9787 0.063114 
4.9930 0.062938 
5.0073 0.062553 
5.0216 0.062176 
5.0436 0.061695 
5.0579 0.061191 
5.0723 0.060493 
5.0866 0.059830 
5.1009 0.059429 
5.1153 0.059000 
5.1296 0.058802 
5.1439 0.058775 
5.1582 0.058203 
5.1726 0.057613 
5.1869 0.057227 
5.2088 0.056582 
5.2232 0.056277 
5.2375 0.055944 
5.2518 0.055340 
5.2661 0.054864 
5.2805 0.054519 
5.2948 0.054514 
5.3091 0.054528 
5.3311 0.054238 
5.3521 0.053784 
5.3597 0.053224 
5.3740 0.052674 
5.3883 0.052299 
5.4027 0.052141 
5.4170 0.051666 
5.4313 0.051142 
5.4456 0.050555 
5.4599 0.050046 
5.4743 0.049867 
5.4886 0.049825 
5.5029 0.049938 
5.5172 0.049502 
5.5392 0.048916 
5.5535 0.048429 
5.5678 0.047781 
5.5821 0.047362 
5.5964 0.046870 
5.6108 0.046406 
5.6251 0.046063 
5.6394 0.045839 
5.6537 0.045653 
5.6680 0.045116 
5.6823 0.044700 
5.6966 0.044273 
5.7186 0.043853 
5.7329 0.043625 
5.7472 0.043261 
5.7615 0.042950 
5.7758 0.042745 
5.7901 0.042563 
5.8045 0.042250 
5.8188 0.041791 
5.8331 0.041365 
5.8474 0.041072 
5.8617 0.040897 
5.8760 0.040801 
5.8979 0.040429 
5.9123 0.040001 
5.9266 0.039458 
5.9409 0.038925 
5.9552 0.038500 
5.9695 0.038140 
5.9838 0.037744 
5.9981 0.037368 
6.0124 0.036989 
6.0267 0.036717 
6.0410 0.036522 
6.0553 0.036314 
6.0696 0.036078 
6.0839 0.035768 
6.0982 0.035514 
6.1126 0.035220 
6.1202 0.035255 
6.1412 0.035193 
6.1631 0.035032 
6.1774 0.034850 
6.1917 0.034585 
6.2060 0.034334 
6.2203 0.034078 
6.2346 0.033782 
6.2489 0.033315 
6.2632 0.032791 
6.2775 0.032558 
6.2918 0.032414 
6.3061 0.032226 
6.3204 0.032091 
6.3347 0.031784 
6.3490 0.031531 
6.3633 0.031197 
6.3852 0.030823 
6.3995 0.030348 
6.4138 0.029839 
6.4281 0.029571 
6.4424 0.029326 
6.4567 0.029039 
6.4710 0.028795 
6.4853 0.028427 
6.4996 0.028138 
6.5139 0.028105 
6.5282 0.028027 
6.5425 0.027984 
6.5568 0.027833 
6.5711 0.027627 
6.5854 0.027508 
6.5997 0.027347 
6.6140 0.027169 
6.6283 0.027037 
6.6426 0.026782 
6.6568 0.026580 
6.6711 0.026307 
6.6788 0.025863 
6.6997 0.025302 
6.7073 0.024779 
6.7216 0.024275 
6.7359 0.023811 
6.7502 0.023402 
6.7645 0.022944 
6.7788 0.022471 
6.7931 0.022195 
6.8074 0.021954 
6.8217 0.021671 
6.8360 0.021418 
6.8502 0.021075 
6.8645 0.020684 
6.8788 0.020261 
6.8931 0.019911 
6.9074 0.019480 
6.9217 0.019171 
6.9360 0.018836 
6.9503 0.018517 
6.9645 0.018338 
6.9788 0.018082 
6.9931 0.018086 
7.0074 0.018035 
7.0217 0.017819 
7.0436 0.017566 
7.0645 0.017211 
7.0788 0.016828 
7.0931 0.016468 
7.1150 0.015983 
7.1293 0.015605 
7.1502 0.015184 
7.1721 0.014789 
7.1864 0.014544 
7.2007 0.014173 
7.2150 0.013832 
7.2292 0.013601 
7.2435 0.013340 
7.2578 0.013131 
7.2721 0.012876 
7.2864 0.012646 
7.3006 0.012475 
7.3149 0.012319 
7.3292 0.012210 
7.3435 0.012058 
7.3578 0.011907 
7.3720 0.011789 
7.3863 0.011679 
7.4006 0.011607 
7.4149 0.011416 
7.4291 0.011259 
7.4434 0.011232 
7.4577 0.011114 
7.4720 0.010933 
7.4862 0.010697 
7.5005 0.010413 
7.5148 0.010188 
7.5291 0.010088 
7.5433 0.009991 
7.5576 0.009891 
7.5719 0.009727 
7.5862 0.009382 
7.6004 0.009100 
7.6147 0.008653 
7.6290 0.008217 
7.6432 0.007977 
7.6575 0.007849 
7.6718 0.007790 
7.6880 0.007774 
7.7003 0.007721 
7.7146 0.007547 
7.7289 0.007404 
7.7431 0.007338 
7.7574 0.007340 
7.7717 0.007251 
7.7859 0.007233 
7.8002 0.007130 
7.8145 0.006913 
7.8287 0.006722 
7.8430 0.006597 
7.8573 0.006539 
7.8734 0.006460 
7.8858 0.006445 
7.9001 0.006328 
7.9219 0.006085 
7.9429 0.005905 
7.9571 0.005675 
7.9714 0.005374 
7.9876 0.005249 
8.0094 0.005025 
8.0303 0.004814 
8.0427 0.004595 
8.0589 0.004301 
8.0731 0.004087 
8.0874 0.004027 
8.1017 0.003939 
8.1159 0.003851 
8.1302 0.003732 
8.1444 0.003508 
8.1587 0.003288 
8.1663 0.003091 
8.1872 0.002985 
8.2015 0.002907 
8.2157 0.002885 
8.2300 0.002889 
8.2443 0.002931 
8.2566 0.002911 
8.2728 0.002891 
8.2870 0.002869 
8.3013 0.002753 
8.3155 0.002649 
8.3279 0.002581 
8.3440 0.002482 
8.3583 0.002381 
8.3726 0.002239 
8.3868 0.002113 
8.4011 0.001954 
8.4153 0.001895 
8.4296 0.001858 
8.4438 0.001877 
8.4581 0.001852 
8.4723 0.001720 
8.4866 0.001716 
8.5008 0.001582 
8.5151 0.001499 
8.5293 0.001583 
8.5436 0.001611 
8.5579 0.001721 
8.5721 0.001921 
